f3b2181b43afcb0f27a8deb66acf3d44 -358.1827 68.25 -589.8929 13.57312 8.052148 10.48592
c19d6624ced9c5aed68369b189e5ec12 -350.864 68.24998 -613.5643 10.48591 8.052148 13.57312
d3f0f33aef26922850bd4cbd75b2b6be -361.1783 68.24998 -635.7574 10.48591 8.052148 13.57312
b02b60cbb2705173fd62ae1d5cc24aaf -342.8 69.93415 -596.676 7.524959 10.03133 6.725523
c621b7fff38cb44958dfd571f34daeb9 -368.9072 69.99626 -652.8497 7.524955 9.969225 6.725515
37a60297eaa06d10da1fe357cd9ac6bb -344.1964 67.37561 -601.4241 5.255397 7.362286 3.567959
be67a81b065ee784cdd97ef3f785cc06 -370.5595 67.46789 -583.7345 3.56795 7.270023 5.255394
b0a195ef36de80301b2ba34facc34f2d -366.1596 67.39972 -648.6814 5.255401 7.338177 3.567968
5bf8e551491081b91c64039e89b7efa8 -408.1003 75.66122 -634.8747 13.20937 8.052148 8.354832
e61e98ff862234ca32cd04ca8feacc84 -420.4027 75.66121 -613.3678 8.354838 8.052149 13.20937
a51960041892aa8c31c6ba40f60634ca -415.174 75.66121 -589.4601 8.354838 8.052149 13.20937
3cdd444dc9547d84e148f570277f7f2d -424.5916 77.4929 -631.6077 7.014919 9.883818 5.75782
54b7af6310ee13abe121108efddfaa0c -411.3588 77.4929 -571.0892 10.24748 9.883818 10.1622
29c8601ecedde93fafc91cecb7f3f5d9 -424.2638 74.8791 -626.6694 5.280924 7.270023 2.62748
1ce67bc8a2b5ab03578df2d5be036070 -394.6787 74.69598 -638.1872 2.627508 7.45316 5.280931
4fda05f9e3c72369ff8db2b8d9aae486 -411.6436 74.8791 -576.0861 5.280924 7.270024 2.62748
eaa46466297b2ccffa717a6ca02dee92 -350.6976 68.24998 -538.0825 12.66424 8.052149 8.664023
767f895e14a3a0d58153f6ad1693212a -336.4095 68.24998 -506.5558 10.1601 8.052147 25.46953
71a67fd7e615a09396db57d3f92f90c2 -345.0275 69.94531 -476.7178 7.590742 10.02017 6.901133
7e69536b31f7d53568f128b312d116ac -341.8206 67.36813 -480.7654 4.927402 7.369775 3.451919
949f8dc2853f65979c134a53c600379c -326.3086 67.37408 -505.8098 2.060215 7.363811 1.70625
2655a354ef323da755bc26611b31a9b4 -335.0902 69.90012 -535.0715 7.455664 10.06536 7.658623
a1fab9bdb21295a364503ded5f32bf6a -412.6613 68.18106 -525.4973 14.39598 8.052148 10.2061
9d3ae92a48c9fdce5382eeb2e24d4ad2 -436.8956 68.18106 -494.4345 16.87676 8.052147 22.78074
616287a868a29f3a4d2a8839a245f190 -455.3099 69.96326 -469.4841 7.523672 9.9333 7.631914
b3a215e5d8485306a786abbeb0e47db5 -424.1092 69.91265 -519.6924 7.305039 9.983915 7.674719
483f819d27c7361d616e2bcc1502da85 -399.7417 67.3641 -534.7753 3.705156 7.304878 4.808727
a8a945504bd5a0fc2e45fa6b0698dbc4 -428.7339 67.39896 -489.6542 2.498626 7.270023 2.395333
21f9d8a02836d56fbecfd468f26fd609 -451.0948 67.32516 -472.1487 4.235097 7.343809 4.471059
0f8ecba9e90c915785aec2f63184df50 -357.5676 67.41467 -570.5843 13.64211 7.432723 15.4347
c04894c674bfde10c180264f3bcf307b -382.3625 64.47826 -556.2358 7.453203 4.385734 8.476517
112b16a7e140472ad086483542d7a869 -387.1868 64.47826 -534.2842 11.20093 4.385734 10.93062
03d2891c213ba1aa1e0fdd0faceac725 -387.5717 64.54162 -497.1051 8.984442 4.385734 9.784801
2cd7a07dcde028011e91cdb3d5efb014 -364.1964 64.54717 -503.0648 9.166492 4.385734 9.933846
94e3734404d5fdcba0a3c525ff95d186 -403.226 66.24864 -482.1253 7.888515 6.092756 8.386748
12519616abd8c4fce9104b6f8ee10771 -328.6507 62.60806 -596.8149 6.467767 2.483673 6.973819
fc7ffafda60f16b9c5b3324f559cec41 -393.0621 55.33039 -453.6659 46.56773 0 37.85807
b832cc85024782ddea999bbdee7934d7 -396.5195 56.20699 -456.9865 29.9624 3.990859 34.34085
6daf95c878a484b42edb156cbca0a961 -340.4636 61.07493 -575.6213 0.2245898 0.9459991 10.12876
815f1423e6433cd74e72e1e720034bfa -355.5866 96.12971 -789.9822 23.99371 7.662354 34.28444
63d8ceeb7af4f14d9d2ac993b8be397f -530.222 63.18228 -611.6312 26.59228 0.140033 21.19307
625f7e7e824accfaef4df0a68c0a15b7 -609.9757 63.19084 -725.1174 24.19173 0.07654297 64.64349
5ed7cc675f6df64e5bb1f12ff7f71112 -619.8109 63.19084 -735.8192 24.19173 0.07654297 64.64349
5e198851891ec1ecbaad0036bfdfc55d -638.0277 62.92463 -823.4494 23.09076 0.4649335 23.09072
dbd4af6b858983a984abc7e747f36446 -575.7601 63.21959 -840.9727 17.80553 0.1699719 21.34046
208258eca587eee95bd0cc7fc3e8a977 -602.7057 63.18228 -830.6619 15.68338 0.140033 15.8487
66c5a55dac9459144fbc1663dfd6a4be -507.7935 65.31635 -754.0072 27.98965 2.134067 68.5425
b4cfb6f3388c71c59124d222166279cf -447.3919 65.12632 -564.7563 13.26129 4.62476 20.84148
ba4d08c94ac53ef7cffdfaa2c73045ca -446.7766 74.84209 -727.4688 39.62279 7.460212 57.89228
fc8eb9133e23e6860790f3f5d79371a8 -525.1613 58.80209 -862.9464 30.85406 4.002023 30.06082
99fcc99890fd6a4a15d379ebdaa4d922 -500.0072 63.18228 -622.0889 13.40345 0.140033 16.73524
d44a1d60906efb629db4d5b467085161 -509.2474 74.92739 -824.7655 7.896545 7.504837 7.861787
ff45ca60dd33a89b1cb8604e7dbbcd71 -468.7308 67.83116 -797.1074 12.50559 0.3589915 13.06361
8d36520c7a8ceb82a373ec97ffcfa76d -487.3446 67.2582 -816.0929 33.02914 0 22.59645
c5e63ffdec8b148032da1df0d5a957ab -498.3936 68.85464 -782.2947 14.04879 1.44774 9.970996
f3e61f7ec9f193a63f67ec41b945cb02 -486.2953 69.02097 -813.8048 40.05965 1.108276 33.14438
b7ec14217cd4f9f390c8f87fb67685d0 -487.2406 65.69669 -816.4239 30.0843 1.220703E-06 20.28591
aedea9efb0d5cd6156328561a7ecd835 -498.3829 71.9836 -782.3882 14.49617 1.681224 10.35922
4e5e28dbc53065ebb078004872a0f606 -492.6073 68.17358 -803.1262 2.510157 0.7271824 2.550119
44a620edc016b458e460e5970289411e -498.7255 68.17358 -800.5479 2.401695 0.7271824 2.562686
fada18d44186b71b602518278300dec3 -504.4538 68.17358 -798.1641 2.556611 0.7271824 2.495136
682eec7af998170e79917275084d182c -511.332 68.17358 -796.2563 2.395871 0.7271824 1.993345
9cf969a8edc1be84193c759c3eea8766 -500.6295 68.17358 -830.3623 2.563313 0.7271824 2.466511
b17e39ba60ad39ea7f05ae666d6a92b8 -494.1622 68.17358 -832.4965 2.499053 0.7271824 2.555162
ed820f5a5a392e9820e313a2577133f9 -489.0163 68.17358 -834.1578 2.559134 0.7271824 2.37859
e11034da2436136007e665ab3d6aad8e -482.9241 68.17358 -835.6879 1.680883 0.7271824 2.199112
ace3dff7762ba7df45a9ea58d1074186 -490.2701 68.17358 -798.181 2.105899 0.7271824 2.456376
a14024bde850f3f511e0c0fc57f0caa3 -515.3969 68.17358 -824.8951 2.499707 0.7271824 2.197783
11ed94a7a276d0739f530cc3ee9de1a3 -520.671 68.17358 -823.3148 2.498543 0.7271824 2.555359
99ad8fbdab5b1b4bb0fe7252518577dd -490.8337 69.47463 -805.2755 3.129754 2.047768 3.129775
7c260ac12a0144cb49a283a2635f10fa -494.7155 69.47463 -798.4625 2.253066 2.047768 2.252988
9134f10deccaca7a589250b4a4935478 -506.8164 69.47463 -795.4984 3.168849 2.047768 3.168837
442e69c91ca906414c43d3df6f347e43 -518.1193 69.47463 -824.5958 2.795997 2.047768 2.79605
875b0891a982440f9db09a0068aa548e -497.5605 69.47463 -831.3442 2.253066 2.047768 2.252988
19180e1a32a2af43f950510da44186fb -486.3526 69.47463 -835.4905 2.616598 2.047768 2.616661
f569dc8ceb05d2557720524bcd7f8d5d -478.2227 69.47463 -836.996 2.253066 2.047768 2.252988
1260566a04e8abe8dfef1ff88d2e726a -585.7176 63.18227 -596.51 37.69101 0.2072888 43.2636
d6f2fe43f2b5f96ce904de8307b3cdd3 -585.7346 63.94233 -596.4524 27.97019 0.5574707 24.65913
4067e8ff1017c6d508fcaecd619ad161 -561.7698 63.06591 -729.2311 66.94707 0.2838426 99.64691
915f51ef0333b312af81484411b31128 -602.8948 63.03811 -717.6491 11.89937 0.3116412 29.17663
efd4edaa3c2eb07e42b9c1069d9b32d9 -496.1342 67.76736 -734.4709 11.25955 0.4822369 31.78399
efca8b3eb8edf37babfe0b534f140baf -510.3093 72.2048 -876.0331 42.3143 4.797898 43.64265
9295364bc8dd00b6a031d5cd43950b3a -347.3672 83.09 -978.2874 96.26304 24.68315 117.5167
b64be275eadffc2cbd4463b6f56a0bb3 -616.4247 82.22705 -970.0143 69.4665 25.59645 78.59509
7e34811b1f702d465da3a96b97e84704 -472.388 79.4716 -1094.609 153.9398 22.34894 106.2509
c5cad73a8ed695743920c0f9b21e5fe9 73.04114 107.5792 -554.2862 19.22057 6.118572 27.08901
6fc0b7c71cd13b0143de675b673dd12a 404.0958 106.865 -479.9828 10.93545 2.512129 16.89558
ba8f3396627c132c4933662e65721912 399.3193 98.99391 -482.1595 19.93906 17.24645 19.07228
dfe1b5bfedcd235709b01741691e1129 401.0814 109.3771 -485.2046 18.17699 0 16.02717
d489ce73b9a24576a4ec22f6bf697ba8 434.3438 100.0487 -535.127 10.82092 3.100593 12.87515
56e88eb9cd201987f89829237b49e206 304.1606 89.78192 -446.3342 24.22902 14.92551 40.22387
f0b5c1373529c1c0e0edd46ef33a57a4 422.1397 85.80948 -396.553 24.22902 18.86917 40.22387
fc1b55c8b6a1a15a1f5730348bbc96ec 342.5336 105.5511 -378.2195 1.009258 1.198245 0.01899414
5a606bfe98dfa746dc25b8b2bf8a07cd 342.5336 105.5511 -316.9943 1.009258 1.198245 0.01899414
917b52b5f05cb0de7c1bb6349088ebb1 342.5326 105.5511 -416.7156 1.009258 1.198245 0.01898926
0acecc72fca0d695efb6ad08b1b81565 342.5326 105.5511 -476.8884 1.009258 1.198245 0.01898926
da748a8c3d49f4b5cf68b5a79c1e3a72 349.237 105.5114 -516.866 1.009258 1.198245 0.01898926
87880534834ffcc01a31c871d7873d47 345.9931 105.5114 -516.866 1.009258 1.198245 0.01898926
0e71a276af256df8bdccc40cf184af17 419.023 105.5511 -498.3907 0.01898437 1.198245 1.009263
c63e54b2d047b3f69ec252ccd26b6e00 384.2049 105.5511 -426.9525 1.009258 1.198245 0.01898926
88b149d30a6f0bde8b32bc6d8fcabec9 384.2049 105.5511 -366.7797 1.009258 1.198245 0.01899414
0c62811c451a1c8b41c5b6fdfc9996c0 384.2039 105.5511 -267.0584 1.009258 1.198245 0.01899414
29df70dfe20acbf832198fa97d757bf2 384.2039 105.5511 -328.2836 1.009258 1.198245 0.01898437
41ef03922b5a3edd9901ad8e48a88597 445.1647 98.1463 -520.6942 0.01900391 1.198245 1.009268
72353b4af6edcbe553f66c1e989acadf 422.0573 98.1463 -548.0021 1.009219 1.198245 0.01898926
a9ef4ace39014a11ded07d58454f72f8 363.3545 111.7838 -533.7596 4.458457 4.014651 0.3621716
5283b5059d23d0ecafa30a3950d64797 363.3545 118.0536 -547.4722 14.42781 10.28446 14.07478
f676a98f54e9d304c2d1f6bd08f4b61e 368.3806 109.4241 -533.3921 0.5 0.2945361 0.02432007
64e94edfa84813ee7ae89d2cec8ce350 358.254 109.7835 -533.3946 0.3469531 0.4279175 0.02432129
579dfd7f8fb70243d92146271feba89f 363.7048 115.7164 -521.1216 9.113809 0.5210059 13.31051
be79959b442d2c853a116ff751f19431 363.3545 122.7004 -547.0414 14.27473 4.313743 11.84142
f2b153fd7aac7e3a9fd31eaa3614c4da 363.3545 112.0231 -550.8508 20.03391 4.253999 16.50378
4e93bbc5fd87d9f6645db1e1a6dfdb8b 363.3545 106.2908 -520.7964 12.07369 9.372568 9.131627
1686a7fa161a1c1c5513f3e2f9862fb9 127.5363 95.50777 -447.2618 25.82065 20.65135 37.92803
f7354bacd03760ab0956234011857383 253.1321 79.97492 -547.1864 15.80121 5.118498 36.44473
2f84ee954f2b25afb5cc5674e852aade 253.1321 79.97492 -447.5085 15.80121 5.118498 29.75146
296fe341958dbf54c6c19cfc87dc0a35 179.3408 79.97492 -447.0678 15.80121 5.118498 29.75146
8282fd98b3a927cc924b8ef44a87d16c 540.1944 72.05881 -396.876 15.80121 5.118498 29.75145
9f14674dcd16295818a49466a37320fb 466.8458 72.05881 -396.6615 15.80121 5.118498 29.75146
5a988addc0cc947a19bfa9d1a858d63d 513.0726 86.18654 -446.0179 106.3588 19.24623 12.13792
dabd19cb0d742252b4a4a909349a2617 508.299 107.6794 -446.0179 110.9239 1.253823 2.507646
7206de54786e94e4a4b0cd3a33291822 508.0701 105.7816 -446.0159 110.2756 1.428721 2.520396
62578e8821a4b99d0faaee995c271f71 512.951 105.1602 -445.9678 97.49454 0.8072998 7.220239
3b96c19a932b3611dfa25c8da22b14b9 513.0269 109.7458 -446.0846 41.58783 5.392898 8.930224
f8e95df11063d921007e10813e6eb5b8 513.4794 87.14635 -446.0179 110.8258 20.20604 8.124521
d177f38a6f9c16d90588c8e360a8eabf 589.0579 85.15087 -396.8831 16.82971 18.21056 38.16818
fbb3f72f005fc7e8fbb71b3ae6230f03 565.5771 94.47036 -302.4029 60.01998 10.94998 28.32625
9305a8d77fca810a5088d2b3fcce00ab 450.602 95.01384 -299.0786 34.111 11.49345 25.91264
2058a2fbec2c9d9339c3a4bcaf0e5d31 459.444 101.2633 -529.0593 40.1857 20.26089 36.78403
5fab7beea1f8316231eed0008b35607c 474.8975 99.63536 -463.5282 2.089687 2.926855 6.099155
061a94b3263644efcb578de91d912772 420.6293 98.93291 -516.9709 0.7046093 1.984858 0.117334
ef87cae7f8fa3b19edf8a945c68e746b 486.746 76.51148 -514.8658 16.08432 8.881092 44.43062
b5b30d27918678c0ee7fc863343b4d7a 488.5751 103.8619 -540.0629 17.91336 9.9352 24.48636
81f7e5cf0a0e7b2b292c6376d4062418 484.3925 89.18919 -540.0629 13.73078 4.742617 17.09651
40ee8d939f83171688d83ea91f49d0c5 484.5307 99.42397 -509.8737 1.893809 14.97739 5.3652
16c3b351c57300f850f1df7b7e137bc9 483.2048 98.09207 -508.8981 9.42123 13.6455 15.01798
2359a5efd1a8ff302f571bb1aaa3b138 477.2841 104.3428 -509.8868 1.38418 7.394758 10.40216
0169254ab9dfcb7b17f906bfc6ef4e94 484.5179 104.7736 -495.3958 13.85631 9.627739 9.608049
1730dc3e3b5570b111b7f520d8ffc1f2 459.4775 92.07248 -481.3883 40.43551 24.44209 12.4918
cfa262e79f7c323c3a608c707f9f571b 448.8552 108.0745 -493.5098 29.81318 6.326882 7.721999
438ec97bb43bcd020f5911413dbdbc49 466.3727 106.4021 -523.111 4.289004 2.04925 0
b6c4c731b49f5e8e6afedce2807ad283 448.0469 99.34782 -485.7878 25.73664 2.39977 2.441406E-06
883304821f8d1f5eae447d7be23e11de 427.9259 107.3242 -501.2318 8.883886 2.971304 0
38169d2ed1b493f64fab574e431b1862 466.3727 98.99445 -523.111 4.289004 2.046389 0
f20c6583a9a47537bada2be81021b6ce 448.8552 99.34782 -493.5098 29.81318 2.39977 7.721999
f0067869bd2dff5b454f7882d09dd709 513.0731 86.18654 -347.3536 106.3588 19.24623 12.13792
8fed20ad4a93d61548ebdb2bd178f2ef 508.2995 107.6794 -347.3536 110.9239 1.253823 2.507656
e95b703421dc0c50f0331adc22ddc355 508.0707 105.7816 -347.3517 110.2756 1.428721 2.5204
fac2eafebe85019c882c1f0dd7e19e13 512.9515 105.1602 -347.3036 97.49454 0.8072998 7.220244
42c559b3e84a9712c8db520748f0c553 513.0273 109.7458 -347.4204 41.58783 5.392898 8.930224
77f4c7030aa645439d190174fcae4913 513.4799 87.14635 -347.3536 110.8258 20.20604 8.124531
2e2d1ecfe17f0a9738e1015198c717da 137.0028 92.08807 -562.5466 21.64967 17.23165 53.90852
8f116984fb395a2ddb95960a1d8fb9fc 150.2458 84.66736 -628.2914 19.74739 10.43074 13.89789
a603b720fcc6366bd23020d9e445446e 181.708 93.05363 -552.6542 20.15383 18.19722 42.01845
d086570911be6729641ed17c11e6aa81 213.1436 94.10265 -497.1532 106.3588 19.24623 12.13792
ee588b98a55e426cb2b67e56d098e89e 208.423 113.759 -497.1532 110.8697 3.090361 2.507651
aca45477a2b0d68676c819d1acb56ef1 212.4846 113.6977 -497.1552 104.6142 1.428721 2.520393
671671bd4a9416f018f4885688c08343 213.2653 113.0763 -497.2033 97.49454 0.8072998 7.220237
5b710fc5dcb510ac9646c6b81dd858db 213.1894 117.6619 -497.0865 41.58783 5.392898 8.930227
243ca86068919b66f152d4dc454dd305 212.8961 95.06245 -497.1532 110.9851 20.20604 8.321447
bfc7257493223e8d05b893d36a1979af 213.1436 94.10265 -397.4513 106.3588 19.24623 12.13792
965d98c1a54d7bc39a1ddf2e49e38115 207.4919 113.1342 -397.4513 111.8008 3.71519 2.507656
ca23af951821610b348ce7c5cbc84efe 212.4846 113.6977 -397.4532 104.6142 1.428721 2.520391
a7e4927aa64332fd8cfc575b15319407 213.2653 113.0763 -397.5013 97.49454 0.8072998 7.220239
9ee36ad0c331a177d423a4ea2c608db8 213.1894 117.6619 -397.3845 41.58783 5.392898 8.930224
c5bc6a27d0d50d2962dad7a2b22b3a77 214.3449 95.06245 -397.4779 109.5363 20.20604 10.14249
b5e74e2b66894214d6707c8cdbdc2155 420.0932 97.47872 -500.4688 0.3709375 0.5306616 0.2898486
ad51fad39569d84ece48d145dbdad451 419.8912 97.47872 -499.6929 0.4086523 0.5306616 0.3400171
d5b3bb6bf4a7fa70c3a18bf214235d06 419.9713 97.47871 -498.9169 0.4004101 0.5331372 0.3308472
762e3bd33378fc044eb3bb6201b34851 420.1965 97.47872 -498.1411 0.4259765 0.5306616 0.3648731
6c0587f956876114e5b0ff89102b3343 421.4393 97.47872 -498.1411 0.4479492 0.5306616 0.3996338
8dba91e567bf01d4b1e0540aea077b2d 421.5546 97.47872 -498.917 0.3709375 0.5306616 0.2898486
c27b90de06de0f15bd90edcd5e3ff4a4 421.6533 97.47872 -499.6929 0.370957 0.5306616 0.2898486
a63a4725530d560650c4f201b666922e 421.5546 97.47872 -500.4688 0.4163672 0.5306616 0.350896
dbb3fa2183e3b409c6d15c4d1f7afe18 420.7714 97.37978 -499.296 0.7077539 0.4317261 1.586414
8eaa38c92f7803be9578e83fec1ada36 420.0932 97.47872 -495.7431 0.3709375 0.5306616 0.2898486
9aa3f59ce67e6b742601d6436882c7f6 419.8912 97.47872 -494.9672 0.4086523 0.5306616 0.3400171
d6fb3f9ee16a1873760e581ef9a66371 419.9713 97.47871 -494.1912 0.4004101 0.5331372 0.3308496
ff9057a62f7326532dec7ca600e69d47 420.1965 97.47872 -493.4154 0.4259765 0.5306616 0.3648731
a55e0f0018e479d2ee2266eff79de3ef 421.4393 97.47872 -493.4154 0.4479492 0.5306616 0.3996362
155e510e622d9137c5af8dbc7021dbc3 421.5546 97.47872 -494.1913 0.3709375 0.5306616 0.2898486
d88711395622c257f7947dc3b3da040b 421.6533 97.47872 -494.9672 0.370957 0.5306616 0.2898486
81698c2224c6092eea1010be1ec1e0d1 421.5546 97.47872 -495.7431 0.4163672 0.5306616 0.350896
30744eb523ecf7a621cc8cd8379c7e41 420.7714 97.37978 -494.5703 0.7077539 0.4317261 1.586416
a9d2b8be7bc0cf002715f319e111e267 429.0167 97.47872 -500.4688 0.3709375 0.5306616 0.2898486
a3035d55ad77b77d653dcd3d88fa6ffb 428.8147 97.47872 -499.6929 0.4086523 0.5306616 0.3400171
a1d7d6ba7fabb7d4e77e9613fdc515ae 428.8948 97.47871 -498.9169 0.4004297 0.5331372 0.3308472
ff599ac6b7a2883156a5b56e43e4f03d 429.12 97.47872 -498.1411 0.4259765 0.5306616 0.3648731
30e48d1a28406bc526a61de83e6f1c03 430.3628 97.47872 -498.1411 0.4479297 0.5306616 0.3996338
c8cfa8fdd20950cda72b2dd4960d58bf 430.4781 97.47872 -498.917 0.370957 0.5306616 0.2898486
8c725381880eeabf1e41147fce67420c 430.5768 97.47872 -499.6929 0.3709375 0.5306616 0.2898486
736941c4f002de2279a5938bca4c7ce7 430.4781 97.47872 -500.4688 0.4163672 0.5306616 0.350896
ba662e4c602d36f0b93c3f57f2e5ff44 429.6949 97.37978 -499.296 0.7077539 0.4317261 1.586414
965d99521875c8b0af62ef42d61135d4 429.0167 97.47872 -495.7431 0.3709375 0.5306616 0.2898486
fbfccfcfe4410f2a91d857cd366bfa13 428.8147 97.47872 -494.9672 0.4086523 0.5306616 0.3400171
ec4377501a0084b92d5a41845c533cc2 428.8948 97.47871 -494.1912 0.4004297 0.5331372 0.3308496
21f2c207b165d9660cf49150aa840822 429.12 97.47872 -493.4154 0.4259765 0.5306616 0.3648731
ccaa8d2026817003dc94cdda288bfa20 430.3628 97.47872 -493.4154 0.4479297 0.5306616 0.3996362
9a654d82c762adf4bff9bac4efa3cd26 430.4781 97.47872 -494.1913 0.370957 0.5306616 0.2898486
0f3e46a0a462dbae770d3533f07c8936 430.5768 97.47872 -494.9672 0.3709375 0.5306616 0.2898486
f8e0540ade2fc0d1b6fc9b020652d0f3 430.4781 97.47872 -495.7431 0.4163672 0.5306616 0.350896
d621b6bb553d339c10f63eea1a7ce3c5 429.6949 97.37978 -494.5703 0.7077539 0.4317261 1.586416
7aed95250500e327c79c7a1654036696 433.5211 97.47872 -500.4688 0.3709375 0.5306616 0.2898486
66244f705a7867af640437a957a2751e 433.3192 97.47872 -499.6929 0.4086523 0.5306616 0.3400171
6ce5ae6363d2aff5cb30231c9c2b06b4 433.3994 97.47871 -498.9169 0.4004297 0.5331372 0.3308472
6819a119c7f634ffaa8607adb4f96d00 433.6245 97.47872 -498.1411 0.4259765 0.5306616 0.3648731
b226a7224371c72f5ad07b8d42d14b63 434.8673 97.47872 -498.1411 0.4479297 0.5306616 0.3996338
f1051a275d7158d5441c9dbd96cf9df5 434.9826 97.47872 -498.917 0.370957 0.5306616 0.2898486
6a621727160995a67db7353daf6f4073 435.0812 97.47872 -499.6929 0.3709375 0.5306616 0.2898486
923ca5d6eb1366f6e5d2f927eb4befd6 434.9826 97.47872 -500.4688 0.4163672 0.5306616 0.350896
2df8bc690564ad5323774ac83b1f5184 434.1994 97.37978 -499.296 0.7077539 0.4317261 1.586414
3260f0392256b40f398426a4b2fcb9c8 433.5211 97.47872 -495.7431 0.3709375 0.5306616 0.2898486
0add81f0f3075ceaf914a6e0866e83de 433.3192 97.47872 -494.9672 0.4086523 0.5306616 0.3400171
31f141d2f7019a56ea694f1e8362d20e 433.3994 97.47871 -494.1912 0.4004297 0.5331372 0.3308496
d5370757164704f2d1a5e59da6b43600 433.6245 97.47872 -493.4154 0.4259765 0.5306616 0.3648731
abde0851304431cff817976edba9ed0b 434.8673 97.47872 -493.4154 0.4479297 0.5306616 0.3996362
da403afaf03bb82dd51007a294df27ce 434.9826 97.47872 -494.1913 0.370957 0.5306616 0.2898486
bb5a2afd33168aadcd4cbb8b34d3eb8f 435.0812 97.47872 -494.9672 0.3709375 0.5306616 0.2898486
d75bd8c68a811f3d328eccb8c93c7c4c 434.9826 97.47872 -495.7431 0.4163672 0.5306616 0.350896
3be7ffc6101ece0ecebd01e7efe6564f 434.1994 97.37978 -494.5703 0.7077539 0.4317261 1.586416
a5936349c941643cbaea7bfb49818841 438.0256 97.47872 -500.4688 0.3709375 0.5306616 0.2898486
c4cb18326a4cbd6a9fb4f88e1d6f3383 437.8237 97.47872 -499.6929 0.4086523 0.5306616 0.3400171
c3abf018c7adc338c9b30f23c04e3cf2 437.9039 97.47871 -498.9169 0.4004297 0.5331372 0.3308472
7e8a649bc76aa260af51f57a34c7ea95 438.129 97.47872 -498.1411 0.4259765 0.5306616 0.3648731
03ac95b4938357e3fbdd793427b2c475 439.3718 97.47872 -498.1411 0.4479297 0.5306616 0.3996338
210e78d86f406ef1d118f9471bbd0fa8 439.4871 97.47872 -498.917 0.3709375 0.5306616 0.2898486
b7b86cd5f806b40c258494dfdf5a701f 439.5857 97.47872 -499.6929 0.3709375 0.5306616 0.2898486
61cc520867a469374c047b4df7272546 439.4871 97.47872 -500.4688 0.4163672 0.5306616 0.350896
7cad055c7897e602c36803c172448537 438.7039 97.37978 -499.296 0.7077539 0.4317261 1.586414
1de7eba4e017c33e06988b2400da20fc 438.0256 97.47872 -495.7431 0.3709375 0.5306616 0.2898486
eb4c69549782c4ce066d043a336120a1 437.8237 97.47872 -494.9672 0.4086523 0.5306616 0.3400171
cf535fc867cfdeec314de212295514f3 437.9039 97.47871 -494.1912 0.4004297 0.5331372 0.3308496
18ba4574f7a09f1a5aa6e23f4d230dbd 438.129 97.47872 -493.4154 0.4259765 0.5306616 0.3648731
99264ffe034e6b940fe3d8f7388de3af 439.3718 97.47872 -493.4154 0.4479297 0.5306616 0.3996362
64634b7a764a6967481300e8a97e0c51 439.4871 97.47872 -494.1913 0.3709375 0.5306616 0.2898486
f52b23c452d971805693730048d14e59 439.5857 97.47872 -494.9672 0.3709375 0.5306616 0.2898486
0be01b3952563b08a5151166a1d3a35d 439.4871 97.47872 -495.7431 0.4163672 0.5306616 0.350896
c6d01a5ad6ea880f1df1ab62f8d8fb70 438.7039 97.37978 -494.5703 0.7077539 0.4317261 1.586416
e2a999343fb701f94e592a62c1916d40 442.5302 97.47872 -500.4688 0.3709375 0.5306616 0.2898486
2875b56634e0513a4589eb142cbb54eb 442.3282 97.47872 -499.6929 0.4086523 0.5306616 0.3400171
161a04a6796872c2226223b7ba282770 442.4084 97.47871 -498.9169 0.4004297 0.5331372 0.3308472
e076b5240fc9a9933ee13976a03f2b70 442.6335 97.47872 -498.1411 0.4259765 0.5306616 0.3648731
0460b8769b7182068ad7d06c33a6e312 443.8763 97.47872 -498.1411 0.4479297 0.5306616 0.3996338
0118aa26ce4687a91007ed4d5627fcf7 443.9915 97.47872 -498.917 0.3709375 0.5306616 0.2898486
366c270f4e298041b476b56de9dd2bcd 444.0902 97.47872 -499.6929 0.3709375 0.5306616 0.2898486
625a6d3eaf2e023bdc1af7977256a90d 443.9915 97.47872 -500.4688 0.4163672 0.5306616 0.350896
cf31738043573787f249912362c3ebc1 443.2084 97.37978 -499.296 0.7077539 0.4317261 1.586414
5853390d55ade8713f0ac8861aedc258 442.5302 97.47872 -495.7431 0.3709375 0.5306616 0.2898486
3660b62a5d826d80c2f9fe8808aeabfb 442.3282 97.47872 -494.9672 0.4086523 0.5306616 0.3400171
661fed49a2ea7fd7e528fd5f65068a56 442.4084 97.47871 -494.1912 0.4004297 0.5331372 0.3308496
df81187ecef7de67eb48f7d3bd192549 442.6335 97.47872 -493.4154 0.4259765 0.5306616 0.3648731
14b6f74559657d5f23988fd0f44165ac 443.8763 97.47872 -493.4154 0.4479297 0.5306616 0.3996362
09158e6ac761a807568c7c8a725a7864 443.9915 97.47872 -494.1913 0.3709375 0.5306616 0.2898486
a4d4a8c573d4f7c41f2161bd5ce6776f 444.0902 97.47872 -494.9672 0.3709375 0.5306616 0.2898486
1a7b745f541e2b99204ef7438d227ed5 443.9915 97.47872 -495.7431 0.4163672 0.5306616 0.350896
db5654706e980d6c2cf59718adfcb76a 443.2084 97.37978 -494.5703 0.7077539 0.4317261 1.586416
5e0fd22a11058747fcd5daea91bb62a6 447.0346 97.47872 -500.4688 0.3709375 0.5306616 0.2898486
bf3e31487935fd9adc14b65a1a06b925 446.8327 97.47872 -499.6929 0.4086523 0.5306616 0.3400171
c696dee1977c06e161bfe426e4aad921 446.9128 97.47871 -498.9169 0.4004297 0.5331372 0.3308472
bc80bc9a372cde9e8ed1f140751d5ad8 447.138 97.47872 -498.1411 0.4259765 0.5306616 0.3648731
05478be18fbb6ed9c3cd3d3142d3349a 448.3808 97.47872 -498.1411 0.4479297 0.5306616 0.3996338
3be124da349daff5e6e8f3ec71fbd799 448.496 97.47872 -498.917 0.3709375 0.5306616 0.2898486
494fcad3f0db4404e7d7e5476701134a 448.5947 97.47872 -499.6929 0.3709375 0.5306616 0.2898486
5cfdf9b95b6707d77283db8001bc3188 448.496 97.47872 -500.4688 0.4163672 0.5306616 0.350896
808ea8ddcee4aa2ea113f75d1b41b0d5 447.7129 97.37978 -499.296 0.7077539 0.4317261 1.586414
1a11c0d0bbd851567c378702329cdbfa 447.0346 97.47872 -495.7431 0.3709375 0.5306616 0.2898486
84ed86d95fd682abc2aaa6a10f55a10e 446.8327 97.47872 -494.9672 0.4086523 0.5306616 0.3400171
66d8e12a21e84c5c44512f4fa46f02cc 446.9128 97.47871 -494.1912 0.4004297 0.5331372 0.3308496
c4131e6d4299335717a05c6b4600f934 447.138 97.47872 -493.4154 0.4259765 0.5306616 0.3648731
f577e4e00af20a7ba97631532c7eacf8 448.3808 97.47872 -493.4154 0.4479297 0.5306616 0.3996362
4943c2c1763695a14518e8f4882b248b 448.496 97.47872 -494.1913 0.3709375 0.5306616 0.2898486
6dcdf72890991bf5880bb4f043c3d151 448.5947 97.47872 -494.9672 0.3709375 0.5306616 0.2898486
999ce56de9cf4a95dccee63d3ed8b9f0 448.496 97.47872 -495.7431 0.4163672 0.5306616 0.350896
0fe2e4272cf3f4abfb5f16913fd4f90a 447.7129 97.37978 -494.5703 0.7077539 0.4317261 1.586416
7c67392efb3765fc0f62d81fc6ef85c7 451.5391 97.47872 -500.4688 0.3709375 0.5306616 0.2898486
716b3d4f5dd0af98fee227ef97ced415 451.3372 97.47872 -499.6929 0.4086523 0.5306616 0.3400171
b287d6df91b1c28f1ad82627f6725d52 451.4173 97.47871 -498.9169 0.4004297 0.5331372 0.3308472
e6e5269e61daf9362214b48e040f2319 451.6424 97.47872 -498.1411 0.425957 0.5306616 0.3648731
ba3f7a1e5b3beb5683aa5dc3078ca6e9 452.8853 97.47872 -498.1411 0.4479297 0.5306616 0.3996338
03e8f0cd6121373e0cc8ecd25d058e8f 453.0005 97.47872 -498.917 0.3709375 0.5306616 0.2898486
8f29e659cb5994b71c07f309383f1319 453.0992 97.47872 -499.6929 0.3709375 0.5306616 0.2898486
9a99fd1226be23f8342dcaa7e98e9aa5 453.0005 97.47872 -500.4688 0.4163672 0.5306616 0.350896
bf176f7d3e405b894ecaa3d41378fcbb 452.2173 97.37978 -499.296 0.7077539 0.4317261 1.586414
6ef6b629bb70b017b796ee0fcff9d569 451.5391 97.47872 -495.7431 0.3709375 0.5306616 0.2898486
eec0d9dc8cb8a98bf6acb86b99b0bb0a 451.3372 97.47872 -494.9672 0.4086523 0.5306616 0.3400171
149d58af40e7a3ab46f757d10f2ac990 451.4173 97.47871 -494.1912 0.4004297 0.5331372 0.3308496
496475bce62e6f46f37711ccf829a959 451.6424 97.47872 -493.4154 0.425957 0.5306616 0.3648731
8089ed248ed4c560b496be6c3e853163 452.8853 97.47872 -493.4154 0.4479297 0.5306616 0.3996362
153a65da4675de15ef2bcf178f75d9d5 453.0005 97.47872 -494.1913 0.3709375 0.5306616 0.2898486
1fd4f85a33f96aa3059edefcac2a3d67 453.0992 97.47872 -494.9672 0.3709375 0.5306616 0.2898486
45ad502658f8b893c29e3222c6352ccf 453.0005 97.47872 -495.7431 0.4163672 0.5306616 0.350896
8c140e0ec07cd9b9a5ffe2f002b93663 452.2173 97.37978 -494.5703 0.7077539 0.4317261 1.586416
f78e51ee26ce94f5f612e81a61ae48db 456.0436 97.47872 -500.4688 0.3709375 0.5306616 0.2898486
356e0939d1541e3fef2c4d380061db92 455.8416 97.47872 -499.6929 0.4086523 0.5306616 0.3400171
e08ed69f54ad1c8625d98b19d2922a59 455.9218 97.47871 -498.9169 0.4004297 0.5331372 0.3308472
bde9a513144ed7c7a9e6bb5a67d23515 456.1469 97.47872 -498.1411 0.4259765 0.5306616 0.3648731
2479c2336582fcf8c59426f3d58bb20c 457.3897 97.47872 -498.1411 0.4479492 0.5306616 0.3996338
ce3b38bfb82ea669bbe6b363f44976f1 457.505 97.47872 -498.917 0.3709375 0.5306616 0.2898486
09e6a148b792a664f7ae1371a3e8e39a 457.6037 97.47872 -499.6929 0.370957 0.5306616 0.2898486
7ac972c82ea42972aa195435a7ada4ed 457.505 97.47872 -500.4688 0.4163672 0.5306616 0.350896
f54e0f8cb9a622aa9f637328163901ac 456.7218 97.37978 -499.296 0.7077539 0.4317261 1.586414
56db678c4525f8d635c141cd61884145 456.0436 97.47872 -495.7431 0.3709375 0.5306616 0.2898486
4a4f9f7c4efb8828255b1398b57f873d 455.8416 97.47872 -494.9672 0.4086523 0.5306616 0.3400171
3057364b0359d4cf132f719cc92a2bae 455.9218 97.47871 -494.1912 0.4004297 0.5331372 0.3308496
c98f7a8b1f71844987f93228a5083702 456.1469 97.47872 -493.4154 0.4259765 0.5306616 0.3648731
0994bcaef7631cc33a055e60bce84501 457.3897 97.47872 -493.4154 0.4479492 0.5306616 0.3996362
4a94ead4994c9c59a1a734f58e5916c7 457.505 97.47872 -494.1913 0.3709375 0.5306616 0.2898486
7f2aeda429e292dbf3e1fdc50f94d73c 457.6037 97.47872 -494.9672 0.370957 0.5306616 0.2898486
4fbfa437deaca9cbb65d56bcd8315443 457.505 97.47872 -495.7431 0.4163672 0.5306616 0.350896
6f41656b38d6221f9160f85a7e32eab0 456.7218 97.37978 -494.5703 0.7077539 0.4317261 1.586416
7c23f0b17afd17917e8fb9495f69f2c0 460.5481 97.47872 -500.4688 0.3709375 0.5306616 0.2898486
9fc124b2218f336aa6cc2a7bf38e84ad 460.3461 97.47872 -499.6929 0.4086523 0.5306616 0.3400171
3f25384755458c10563d29c67afda56f 460.4263 97.47871 -498.9169 0.4004297 0.5331372 0.3308472
c45f6df2f3e53dcc42c566b73eb5eb92 460.6514 97.47872 -498.1411 0.4259765 0.5306616 0.3648731
77384fe691311817250e7eead1a2c5a4 461.8942 97.47872 -498.1411 0.4479492 0.5306616 0.3996338
32347529b707ae633a65aba4448f2d66 462.0095 97.47872 -498.917 0.3709375 0.5306616 0.2898486
59d6fe1c8cb43a3a7b34e76ed589e7b7 462.1082 97.47872 -499.6929 0.370957 0.5306616 0.2898486
7b365a6f16d4cd005aeaa8af2a20a3ee 462.0095 97.47872 -500.4688 0.4163672 0.5306616 0.350896
307c2fb5e7c0a0ad02d56c569a622050 461.2263 97.37978 -499.296 0.7077539 0.4317261 1.586414
a4d9fbbb096d2075e973fdd93cbae6e8 460.5481 97.47872 -495.7431 0.3709375 0.5306616 0.2898486
0ca6411954dfea428bffb6eb408877df 460.3461 97.47872 -494.9672 0.4086523 0.5306616 0.3400171
f21ea16db4c5afe4e50780564522e371 460.4263 97.47871 -494.1912 0.4004297 0.5331372 0.3308496
3c9bff937123105b7002e168336838c1 460.6514 97.47872 -493.4154 0.4259765 0.5306616 0.3648731
d60ada596d805a0fe5a1634638ae2411 461.8942 97.47872 -493.4154 0.4479492 0.5306616 0.3996362
b57684e75c76aa40fed7939da0e46992 462.0095 97.47872 -494.1913 0.3709375 0.5306616 0.2898486
c4b0a6e073959cf0b6391822b545c130 462.1082 97.47872 -494.9672 0.370957 0.5306616 0.2898486
e3c211306e3f3efb62d6ed63d0934bbc 462.0095 97.47872 -495.7431 0.4163672 0.5306616 0.350896
72b73c274e107feca07805f907c1fcf6 461.2263 97.37978 -494.5703 0.7077539 0.4317261 1.586416
83adf5f0d3e431dbcf37a93d2b3be28f 465.0526 97.47872 -500.4688 0.3709375 0.5306616 0.2898486
32965b95a4aa2a7669d407f5b4a1e840 464.8506 97.47872 -499.6929 0.4086523 0.5306616 0.3400171
bb59deb1402b6e2edf6292981a396845 464.9308 97.47871 -498.9169 0.4004297 0.5331372 0.3308472
9b9362bb3e9eaed933d935b48af2eb6f 465.1559 97.47872 -498.1411 0.4259765 0.5306616 0.3648731
ccbb39ffc165d954c2817d335c37d97b 466.3987 97.47872 -498.1411 0.4479492 0.5306616 0.3996338
639c52247863c5b727a383d3dba03862 466.514 97.47872 -498.917 0.3709375 0.5306616 0.2898486
367a2f98533bd3912d4559a778742b20 466.6127 97.47872 -499.6929 0.370957 0.5306616 0.2898486
0caee9ce321bca1451bb3e0b10f37e59 466.514 97.47872 -500.4688 0.4163672 0.5306616 0.350896
01117b54f2745303473aec5c2bf369d9 465.7308 97.37978 -499.296 0.7077539 0.4317261 1.586414
5aeabf09b7b11e4a471718e5b5b56746 465.0526 97.47872 -495.7431 0.3709375 0.5306616 0.2898486
a5512894782e6f9490cbd2c69551a08c 464.8506 97.47872 -494.9672 0.4086523 0.5306616 0.3400171
c6f87ee22955532f6d127e11246e8b16 464.9308 97.47871 -494.1912 0.4004297 0.5331372 0.3308496
fcb0ba645be32ba3194f973a9747b0c7 465.1559 97.47872 -493.4154 0.4259765 0.5306616 0.3648731
b8e11f939983b3eea979839eb0c8ae1a 466.3987 97.47872 -493.4154 0.4479492 0.5306616 0.3996362
796e03a668425bb1568f01a0d9201e3b 466.514 97.47872 -494.1913 0.3709375 0.5306616 0.2898486
67767a867f25693b0234e1e5fe3a9db0 466.6127 97.47872 -494.9672 0.370957 0.5306616 0.2898486
02dc8121a2bedad7cb83926469d9241b 466.514 97.47872 -495.7431 0.4163672 0.5306616 0.350896
09a4c034e5241331fb1328de90686ac3 465.7308 97.37978 -494.5703 0.7077539 0.4317261 1.586416
446b161709a25e8b8231e592277d04de 469.0612 97.47872 -500.4688 0.3709375 0.5306616 0.2898486
5eccd57c6b279868c5ace2a80d888c68 468.8592 97.47872 -499.6929 0.4086523 0.5306616 0.3400171
32cbd730820fcf25879abbd4b0c1d41e 468.9394 97.47871 -498.9169 0.4004297 0.5331372 0.3308472
bc19f4afb6c41af0108197dcc331ddb5 469.1645 97.47872 -498.1411 0.4259765 0.5306616 0.3648731
8e495eeeb228e489d295394d47c59953 470.4073 97.47872 -498.1411 0.4479297 0.5306616 0.3996338
00cc5442e24bb35a173b9589b1a38f04 470.5226 97.47872 -498.917 0.3709375 0.5306616 0.2898486
0ca54d94237f2a5536758958cf421b4a 470.6212 97.47872 -499.6929 0.3709375 0.5306616 0.2898486
b623f60b807c466e12bbe9024247276f 470.5226 97.47872 -500.4688 0.4163672 0.5306616 0.350896
cdb1d527ef4d746c933f7f939fa057f4 469.7394 97.37978 -499.296 0.7077539 0.4317261 1.586414
8e5cb3b6cb2f35f923f1224ce576c601 469.0612 97.47872 -495.7431 0.3709375 0.5306616 0.2898486
e8192e93a6e84abbee53d05a8b18732e 468.8592 97.47872 -494.9672 0.4086523 0.5306616 0.3400171
e6f0fd4594a79a686aaacb1bde0741e7 468.9394 97.47871 -494.1912 0.4004297 0.5331372 0.3308496
129af9e6bf9f44cbf818f240e24930ee 469.1645 97.47872 -493.4154 0.4259765 0.5306616 0.3648731
63328e2fd34ef15c9050cbc83e694b38 470.4073 97.47872 -493.4154 0.4479297 0.5306616 0.3996362
8354745ca71ce6588e276c1d41ba17db 470.5226 97.47872 -494.1913 0.3709375 0.5306616 0.2898486
5ac53c73943e598ba70bdd6a77e8db62 470.6212 97.47872 -494.9672 0.3709375 0.5306616 0.2898486
c91d021809f3a1f3477b094d9be0629d 470.5226 97.47872 -495.7431 0.4163672 0.5306616 0.350896
9dbd6e14924b8df6b155b2320f35f881 469.7394 97.37978 -494.5703 0.7077539 0.4317261 1.586416
13ac64e5e2fc5eef84a2cada9246fe94 361.2261 99.05563 -274.7592 13.34598 6.505671 18.98972
e8d80773d3317c810218139157f25845 364.1064 114.9311 -287.989 11.76199 0.5576831 22.87623
5d7ca587aa12888b2739882a87ac398a 352.9978 111.0816 -291.2231 5.163379 0.5576831 14.0243
bfe078debf1c851fa2e1f6e02810466d 402.6541 100.5949 -347.3537 0 3.646819 3.361738
1bd24190d11a70e3cf703347fc54b624 335.6829 106.3309 -416.7156 2.460625 1.99352 0.07777344
55f9697039b8396c97782d9c53154b34 402.6541 100.5949 -446.0179 0 3.646819 3.361728
1f3b7a4fa4202a157f4e61e698e4d94e 323.8812 106.7279 -497.1532 0 2.390503 3.361728
777732e4bcfe1f794057c7430fcb33c3 323.8812 100.5949 -497.1532 0 3.646819 3.361728
27d3dcf02a3a1f5143acd5d548a614aa 323.8812 106.7279 -397.4512 0 2.390503 3.361719
bc713369331b2f671026c670072fbcb3 323.8812 100.5949 -397.4512 0 3.646819 3.361719
e620b41c550c9e6b072c58d74aa54b40 399.1758 98.82011 -542.6343 0.1750781 2.028176 5.185935
f3d390b023ad5ea17235eebc0201b287 394.5146 98.34434 -536.0998 2.289648 1.552402 2.071421
a1219ffd56fdba69ac88a87ad0e6be5d 363.3545 110.6236 -553.884 42.34443 13.83168 37.01805
b0c55b3d5356427b0910311ab30485f6 384.3654 98.01465 -523.2617 0.4570313 1.080217 1.355312
bce5e7736220e27ea312281fd4e02e60 384.3227 98.01465 -509.8212 0.4570508 1.080217 6.905979
63491069269d8bc1f45feb09f58e05ed 387.5892 98.01465 -509.8212 0.4570508 1.080217 6.905979
9a562f2bdd3a8022556bea07fba8817d 407.8838 98.01465 -493.3355 5.954141 1.080217 3.899309
7c5d63e4b8e9bfa38301cec9c27996ac 394.1265 98.25143 -507.6741 0.3140625 1.303369 0.3795117
10b6404d24e0446bd4e2ae206fdfdc8f 415.2687 98.00586 -510.486 0.5692968 1.057803 0.5
e537b94b4154b4a63e4e2365dbf77c23 420.0383 98.06174 -510.3899 0.2773633 1.113684 0.2280225
2d3ef40c77072066d581d0ceb5d4d981 418.5277 98.26511 -510.486 0.8620312 1.317051 0.622539
83166fc9a399ba7e8f98fdfd9816fa48 394.1265 98.25143 -505.3371 0.6160938 1.303369 0.7014648
9a68eadfa40d4f91ff76cb00d063f5cc 393.3481 98.03224 -475.8969 0.2767578 1.08418 0.3573242
ba8d9783b5bbed957d3a3b87026a4e4d 412.5263 98.00586 -510.486 0.5692968 1.057803 0.5
93f225c2ed0e2791657b098ba53fa5af 393.3481 97.8523 -474.946 0.2767578 0.9042456 0.5236328
0cbabc0f560a649c2fd0bf6de253ea93 394.1265 98.25143 -503.4032 0.6160938 1.303369 0.6330664
fed95cb45fd4e63f2cfe2bd3dfe28e6c 413.8635 98.00586 -510.486 0.5692968 1.057803 0.5
4089602b5a31747e138f664a7f79430a 328.4254 97.42528 -412.4443 4.531553 0.6333374 104.4216
825f474d6667addea8f4bede7e0af49a 398.2879 96.9873 -346.6082 4.507324 1.071316 83.31703
a7c7e30e2be86dbe845051921be84b71 401.6652 95.68382 -161.0099 10.87627 2.508608 13.03285
62224aace2d4c8a96fa7e0ea8272a55e 432.8153 104.8296 -510.3504 37.84642 0.4767456 9.118593
28465ebe347310a6865ef1c7dc7d23ba 403.426 97.25096 -535.2367 3.26332 0.3029004 3.263298
ec50ef406a715aa3742367524e16aa49 402.7598 97.22948 -528.6067 2.660234 0.2814233 2.660261
aeb50e3906c1de9cc0c91bc8781e35c2 416.529 110.6647 -507.3065 24.19633 0.4171167 5.867207
ffd5c7efee6a7e879329f2119a0d4b35 409.8333 108.9119 -531.9141 9.879844 0.3638086 18.94626
72614fdb4aff2da34f04201572bcd5eb 393.1639 101.8487 -361.2442 0.02253906 4.900644 2.482383
a953486c313f3e00a1e1dd0f25ae68db 386.7861 107.0639 -359.4383 0.864375 2.722029 4.72376
dcea7957c0fdbed92bf84c072ef47c53 386.7861 99.6591 -359.4383 0.864375 2.722029 4.72376
6399ed2aaf8f731cff26a8126ca1d6c7 393.1639 101.8487 -337.0942 0.02253906 4.900644 2.482373
7ada9560b122675e7df4a22bd5942d0b 386.7861 107.0639 -335.2883 0.864375 2.722029 4.72376
ea3f5b42cd585a2ec7b10517ca723b4b 386.7861 99.6591 -335.2883 0.864375 2.722029 4.72376
4a7e9969efb54b51d8f136ec1dd52613 393.1639 101.8487 -460.1271 0.02253906 4.900644 2.482378
25c49e25b83277da05e751f2ae515c73 386.7861 107.0639 -458.3212 0.864375 2.722029 4.723755
0c3bdf53593b7da4d25b174e2b9ce391 386.7861 99.6591 -458.3212 0.864375 2.722029 4.723755
4e684e55774c9727d926b2fc95d4ad5b 393.1639 101.8487 -435.7208 0.02253906 4.900644 2.482378
935a7cff8736f555c3dd399b685c410f 386.7861 107.0639 -433.9149 0.864375 2.722029 4.723755
f5bcd2ba2237493d3a73e1471fa450c3 386.7861 99.6591 -433.9149 0.864375 2.722029 4.723755
6ab24f32de8c373e451bd9fd301598dd 333.0522 101.8487 -483.107 0.02253906 4.900644 2.482378
ea431e9eb428811ead53c8fb7a608d2d 339.4301 107.0639 -484.9129 0.864375 2.722029 4.723755
79c144f27428dba01f508497d88cebd1 339.4301 99.6591 -484.9129 0.864375 2.722029 4.723755
1fd64a7768b46adf9e978119f71b5a4c 333.0522 101.8487 -507.3828 0.02253906 4.900644 2.482378
1614ba561ae69abf196a8ea8a8e6d746 339.4301 107.0639 -509.1888 0.864375 2.722029 4.723755
7b3255633e1022086e9197b220f6d0ca 339.4301 99.6591 -509.1888 0.864375 2.722029 4.723755
aaf655662df3c1eeb629743019edcd79 333.0522 101.8487 -407.8304 0.02253906 4.900644 2.482378
bd57dfd909f2d99968cdec7277c539af 339.4301 107.0639 -409.6364 0.864375 2.722029 4.723755
15e5fdaeac96551396ea28cfc74d7076 339.4301 99.6591 -409.6364 0.864375 2.722029 4.723755
7c06da20717b600a22d12d3865eb419d 333.0522 101.8487 -383.5602 0.02253906 4.900644 2.482373
58204a0fdf09c131022e508315d9e39c 339.4301 107.0639 -385.3661 0.864375 2.722029 4.72375
279606de59d133ab33502721f40eb75e 339.4301 99.6591 -385.3661 0.864375 2.722029 4.72375
d59da113f7e74a08606967fcc531318f 333.0522 101.8487 -306.765 0.02253906 4.900644 2.482373
17b3f35f8ec9235b876bf250891431df 388.185 112.4853 -529.6562 11.13109 15.53721 4.685259
18176adf691199bd8106a9c51c6ed8f9 388.185 110.5988 -258.9763 11.13109 17.42363 4.685273
076a490e8bbb48dda86f3366fbe55d14 394.4301 98.62377 -483.153 3.952461 1.675713 4.732969
37ac410b0342ee81d8d7154503ba551b 377.396 100.5949 -509.7094 6.935469 3.646819 7.490525
3a7cce901e446ca9b28be61e49104486 362.4483 98.65627 -507.0105 4.755019 1.738061 4.920705
834abb1eca58f6c36a43180eebb03af6 363.3589 105.1065 -505.9925 6.855742 0.6682373 6.855742
64d8568fb18218334119061cdb35463a 363.3545 99.81276 -530.483 12.07369 2.894561 2.712213
06c93eedb891b610713d225eb6c57cb7 672.4542 90.54448 -299.6838 9.238945 7.917926 22.98432
7c5ba636b6ce33694091d2392e2ec415 514.991 102.4935 -219.0692 80.87222 19.49339 55.66755
7dc679be7c4ae397aa69b119e1b9ffcf 398.8292 98.17621 -534.38 0.3756445 0.8596191 0
d862f3983126822f57def3ccc4720f66 399.3665 98.17621 -533.8471 0 0.8596191 0.3756518
a769e98ec57b9ae451933857c4b35e29 268.0421 92.8701 -296.6467 10.80207 0.4237354 1.374512
86e02452788d5137a9af9382908123af 266.8785 93.27064 -294.812 27.56493 0.3419678 14.41889
d693a939a4a081051534e109d8984125 319.9838 97.21716 -273.5458 0.5578516 1.711792 0.501416
22a1784e1c92536af7c51770b227427b 325.3336 99.46337 -278.3582 14.42288 3.813926 13.8599
2431a56c60c7a16c79e851c6253fa55c 328.3157 101.1622 -283.0817 19.56445 7.970407 20.8096
5d0f10501434bea23d77167db9405d4e 321.8753 102.5888 -283.3571 26.56324 9.396982 25.85653
bd4ab88ccb52575b7f451b9302ec08db 385.1985 106.5977 -528.3638 9.770312 9.679465 9.034748
a9c94b0cf978ad3adf23008e38796c34 344.9358 101.8895 -522.5396 6.345019 4.971328 23.79443
35714041d3677cdf40482276a74cd849 406.9959 106.865 -500.7245 12.02707 2.512129 0.5072363
519de062a90fb9ae441020dcd176e6f7 -1.271894 66.53821 -785.0358 2.120892 1.280831 1.425645
7c9de1c2c49df43e88595c9641c22bac 21.25802 66.73482 -780.8625 1.599014 1.280563 2.003555
3b3b8e0333a950fe1b81fa339f9ee37b 21.70464 66.73625 -768.8497 1.533504 1.281999 2.054033
cd76c9356b018ac4f829c528c0af4283 26.07674 66.73625 -762.6877 1.533495 1.281999 2.054033
644954ec3d0a96db0f20f75a759b6008 -39.2824 66.58665 -752.5836 0.9424853 1.284462 1.079814
e6ef1a91444fd3f235c08694a55ed7c7 -30.29594 66.57925 -744.0767 1.110767 1.281735 0.9004101
6fe7e8f7891f8a1d8c87a5200a5f9b6f -20.17164 66.59976 -738.1085 2.283979 1.277909 1.072783
e8470ae31f4d77599ebcf68de2d9e299 8.399887 65.81578 -736.1524 2.356932 1.27791 0.8334472
6243f5a1da8b37efcdb9a6cac4cf072d 17.1864 65.81578 -745.5076 1.642761 1.27791 1.962881
57f9254c51b537245292a16a6bdae72f -30.01054 65.81578 -776.1136 2.42191 1.27791 0.3035058
f7e1c0c334a428a0571f6c353aee7f7b -36.44213 65.81578 -776.5754 2.421667 1.27791 0.3265137
85b946fd4bee25498c99268c0a161a91 -42.84341 65.81578 -777.0256 2.421829 1.27791 0.3140527
2a313509985cf8370646ba75d618abbb -38.69015 73.02995 -772.9312 58.9454 9.512521 31.7983
ce5e15ade047a40a02f9bf765134a3ce -48.99626 68.32278 -797.0369 28.88702 3.065409 2.704023
939b1c231ccc7ae677e2af8d1f55f972 5.29195 75.22972 -746.5604 62.26225 16.43248 32.90913
9ecede02536d62669627c9ebc22b1108 16.43567 76.7228 -769.2695 17.54173 11.48211 37.16143
13895c1756fd445afe8cf3d0e8a97989 34.03842 68.9968 -700.0907 12.05503 10.19956 27.62818
b4a43e994fbf0135606168fc8eefc3ca -1.77277 69.52783 -709.3887 15.67453 10.73059 8.513306
04233540446c5438ddaa75aa86e791bd -16.0334 64.69578 -754.1568 43.01788 0.5234985 32.04717
b8eb5462d412703743aaefede87676a5 -46.7892 64.61636 -768.8346 1.242605 0.5620368 1.653662
e3d626dfafcfc65dd8c6bbbcbdad036a 58.07075 62.27289 -769.2302 9.778256 3.475645 6.988584
e85085a8ab3eddc2af20f6cc86dd07bc 15.52925 65.81769 -777.4937 0.06339599 0.5633154 0.07198242
94e8efa9e495ccf9f7521c5ea8654fea 13.81846 65.81769 -782.3384 0.0633966 0.5633154 0.07198242
65ce5e205b3915a685cd6a846f87c5ed 11.02104 65.81769 -787.2028 0.0633966 0.5633154 0.07198242
b0785de89b898e161ab30d704dd70d2e 7.521914 65.81769 -792.2081 0.07060546 0.5633154 0.06492187
97ffa6af0a4d4f22851e5e7fbb39db9b 3.014733 65.81769 -797.359 0.0706049 0.5633154 0.06492187
506b36bafad5eceef6c5f13e827917f3 -0.741394 65.81769 -801.0641 0.07060485 0.5633154 0.06492187
59ad5f16e58e879f27ee2444343471a6 24.36262 66.01758 -783.4874 0.03108032 0.5633154 0.09074219
2188837482085aa5fac1128d52578f72 22.80988 66.01758 -776.3742 0.06369262 0.5633154 0.07171874
d512ac93b870f6a18cc2e6724dc079a7 32.28455 66.01758 -767.8644 0.09379639 0.5633154 0.02005859
bb3008cd6756860b22a104683791ec74 37.50048 66.01758 -769.0222 0.09388183 0.5633154 0.0196582
91d51f61f2e50d6331156f292789abf2 26.12341 66.01758 -770.863 0.07932739 0.5633154 0.05391601
1257ec71321607f88a9a6bd30d592200 -103.6407 68.73894 -777.7802 0.06780761 0.5633129 0.0678418
d98835da52e8a9d8bba90e277128bab3 -98.97484 68.90298 -773.5833 0.06780761 0.5633136 0.06785156
fcc346c5f0b96ac91d6a6b003c7d4385 -94.82327 68.9277 -769.8809 0.06780761 0.5633154 0.0678418
71b35f86124249c712f41091ef3b232a -90.82373 69.11859 -765.9196 0.06780761 0.5633154 0.06785156
3adaef3ffcecdf1869926be19662f7a6 -86.52254 69.09865 -762.37 0.06780761 0.5633154 0.0678418
257cf0b46c283beee9b06afbfa3e17cd -82.17764 69.07206 -758.7962 0.06780761 0.5633124 0.0678418
7d013519fcca808773a72a148f2f6491 -101.4074 68.63741 -781.0178 0.0680957 0.5633136 0.06754883
733ad6919db92afd28bf5a66de315153 0.02996063 65.0882 -756.1272 0.04876892 0.5633124 0.08259766
188e47dc17480dfb0f996f8b661c68b4 5.026372 65.0882 -751.2316 0.048769 0.5633124 0.08258789
50c090c4bd960110a2360baf8cb5640e -2.390284 65.0882 -753.1634 0.04876892 0.5633124 0.08258789
7e4bd7f9f3635590e208bd289a6c8bea -6.717468 65.0882 -747.8115 0.05848633 0.5633124 0.07602539
6adb0ae0f4759da14ac0c0b9a862ffe6 -5.348593 65.0882 -737.9734 0.05848663 0.5633124 0.07602539
3928664d9a0be0aa2fb2c514660bf33d 10.03275 65.0882 -746.2576 0.07302185 0.5633124 0.06219726
5c222538882f4c05c5cbb4145e832670 15.48649 65.0882 -739.6488 0.07302124 0.5633124 0.06219726
1f0d13746cceb6573d9aa657de192254 -31.99471 64.34236 -760.1818 1.177417 0.2590863 1.177432
66eec5b152842ca5a207b47cf41ff08d -31.53689 64.34236 -756.0285 1.600024 0.2590863 1.600029
0cbb0e2f60bd46979f84a2c23acde0d2 -4.321602 64.47641 -745.507 1.600015 0.2590863 1.600019
6d5c8dc08aa7cd1dbbbe1a4f96c0eb6e -3.520933 64.47641 -740.1312 1.600019 0.2590863 1.600039
8802cb17a8992f0c1930b07f2976c432 -43.6755 63.69254 -768.5338 0.2045386 0.1144214 0.2045508
02ebc45b189985db494bf82b80ff8a30 -40.37444 63.69254 -762.6328 0.2045361 0.1144214 0.204541
b1370703980ed5d68c10835edf95a275 -37.07432 63.69254 -757.9106 0.2045373 0.1144214 0.204541
32597528b52eca26536e6f4c57ec6ef9 -33.58798 63.69254 -753.0906 0.2045386 0.1144214 0.204541
737f49e2c899fc20b27332a0670257e2 -29.17834 63.69254 -749.48 0.2045386 0.1144214 0.204541
623bf0daefc7c480b4ef626d549a7d2e -23.58562 63.69254 -745.9218 0.2045386 0.1144214 0.204541
11e1791ed5717380dd717a42344a13a9 -17.51228 63.69254 -742.8945 0.2045386 0.1144214 0.204541
edb0d9a619612dac0f3043881ad705d6 -10.84194 63.69254 -741.4536 0.204538 0.1144214 0.204541
509d20c8ccae8ca7912fd58375a1f961 -49.77261 65.0592 -767.4746 0.276709 0.1144214 0.2767187
110dab3d22e016cebc95a392c5b78312 -51.51598 65.0592 -766.728 0.2767138 0.1144214 0.2767285
8d25f9bf7e1f6bd80767e70fdd9a4ee9 -53.34525 65.0592 -765.9919 0.276709 0.1144214 0.2767187
fc3dfc36b5b5520f0ac68806247e2786 -55.22089 65.0592 -765.1639 0.2767138 0.1144214 0.2767187
521cec88eedbe51b012e587395d4ed67 -55.22089 65.0592 -765.1639 0.2767138 0.1144214 0.2767187
08dc7a486cf1fdcec94873e8903ff246 -57.09537 65.0592 -764.3702 0.2767138 0.1144214 0.2767187
de24e23ee0503234851ab9732fc9b2bc 330.5677 96.75839 -211.0897 6.548291 3.712463 3.590156
761305df6db61a51ba4478381371e575 332.4236 98.34703 -210.0842 12.65285 0.2222559 8.771113
ba33cbf0f7bcdeaa72264513561037f5 338.5258 109.4785 -196.1057 29.79145 16.43256 20.08873
8bebf75192d2e2929a1ec894ac3e131c 141.9701 101.4895 -316.3203 21.87473 4.797898 17.36502
fea3c1c35ef6de1452b409dae775b55d 434.4406 93.18597 -183.8821 41.05156 4.905433 12.90906
a9280126341502818324651d57b081bc 458.3214 101.8879 -157.7398 62.84914 21.34334 74.02221
bdf65928611ab975d8807a97776fdb52 455.3492 112.2851 -163.0808 67.84414 11.93295 72.77798
69a15b4b08be9f20b9f89975e6235b97 283.9447 88.89191 -633.5199 46.42159 16.41585 41.61208
81b5eda9e14a27635c7705f24887dcea 118.4527 75.64199 -679.47 37.05423 10.3846 41.437
d1866d228ebe1b53d4b1b8300bcbbf63 67.88288 121.6032 -298.7094 22.53403 10.28791 23.53144
6f9374e05e9e46278d59855fec7bc661 216.4083 82.65288 -23.91287 11.15086 3.646817 13.05238
cf28b6f42ad980826782c41b672a3aea 226.6349 77.52388 50.32902 4.411875 4.122102 8.931602
fd8dbd335d15258083b383168377297f 190.9323 74.67236 41.06193 1.692891 1.270584 1.199375
6b0b12321a8d4fe0e7dc1feda83134de 176.9836 74.67236 10.92874 1.774648 1.270584 0.7230078
89966799c21f2e8a1a45f5be2524854c 212.8115 74.67236 44.53332 1.692891 1.270584 1.199375
4997743895e86cde85b58b7f92f5a180 218.8223 74.67236 41.06079 0.8198828 1.270584 1.773242
4d5ac224016847370a07504b13932c2b 176.1057 73.94224 19.64625 0.7035937 0.540459 0.3845312
51123d5929625792c30726c6a8dd2801 187.6072 73.9526 15.89018 1.242148 0.5508191 1.242148
6e98960826a1d1031c1a51b3da4a5562 190.6504 73.9526 18.93341 1.242148 0.5508191 1.242188
b8abe6c2d5814694d6253a8117275988 193.6936 73.9526 21.9766 1.242148 0.5508191 1.242188
369805229de6c23ccef009f9ac9118d6 196.7369 73.9526 25.01983 1.242188 0.5508191 1.242148
c2691165fb44740c7ec4fec9f43fb91c 199.8077 73.9526 28.09065 1.242148 0.5508191 1.242188
e53ecb0d1a3b7668fc8ff40944613dd5 202.8922 73.9526 31.17515 1.242148 0.5508191 1.242148
288f05aa37f8f22fecc9ed4fe224be2d 205.9374 73.9526 34.22033 1.242148 0.5508191 1.242148
c97f5d7a3d6a11bbfa5dc8b4d6187534 194.5322 77.65608 10.96797 0.7694531 0.540459 0.7694141
bf25652e94a235a1a42a101d2c5c1fad 199.1293 77.65608 15.56517 0.7694141 0.540459 0.7694141
bff8a6a249ce156fe37ef415b3fda77e 205.1729 77.65608 21.60869 0.7694141 0.540459 0.7694141
531afbc775d6e395d48727d56e0d16ac 210.7826 77.65608 27.21838 0.7694141 0.540459 0.7694141
30599602fb061ff4f51e47731039adfe 176.4718 73.94224 21.37327 0.7791406 0.540459 0.5535547
16a6394973ec47c4e978d769fc551825 188.7589 73.94224 39.61784 0.6848047 0.540459 0.8016015
ce11aacac7efd591927ab36c84b40252 187.3667 73.94224 38.33487 0.7694141 0.540459 0.7694141
c56ff2ccca8b79735a238d1e446c3063 195.1559 73.94224 43.13065 0.5535156 0.540459 0.7791406
7cf1717cf1e5b80ca5673aba5b50e7c0 193.5575 73.94224 42.52174 0.6848047 0.540459 0.8016015
5e9218c9c8c49cc094190c248c8faccf 200.4727 73.94224 45.16519 0.5535156 0.540459 0.7791797
7dd1c5d2b00fd58805a601cb74794b3f 180.7847 74.67236 9.36531 1.774648 1.270584 0.7230468
ff8beef5942225a7ffdbb2f5c17c399a 200.9568 82.30206 31.94438 39.82248 0.3299353 28.70988
443245cd2fdd7711a17c236eb5214905 206.3737 76.70065 44.60739 4.544258 3.298873 2.152734
932b7fda7923ba5f0d65e08550f7e872 217.4007 75.6242 44.44798 2.725469 2.222416 1.025156
1e3ea5b3d2718e98bbdc2f6927b16d83 197.8384 75.62419 23.97356 12.31383 2.222416 12.31381
2b61949297c9d12dd539ea75c9efa4ff 180.2705 76.12585 30.78423 6.47375 2.724078 6.793301
61706bef10e19d9b28223ae6c4a0ccc7 92.4624 70.04501 -95.7395 22.19764 1.723782 21.9126
092d47a3b721978f55679e68ba7105c9 92.46172 70.52555 -95.76737 22.19832 1.853857 21.94049
decdea68d9e97ac374f0101d15289ab5 105.6592 76.5077 -109.6199 26.45164 5.089348 26.45164
03d915b4b023256a3d5d462087b7c762 86.21985 84.78336 -132.4428 59.06678 16.46212 60.43508
365c0fc308b612abd7870af24ad56c82 101.1874 69.8698 -99.04193 30.92336 1.548562 19.57816
e2c308bdf579ab2a187dbad820bc3978 203.7866 92.79002 18.49579 23.20188 6.379168 23.20191
7222e51da392eadb8af67ee0b073dca8 -255.3626 75.04161 -433.0276 29.2527 7.537354 28.15825
eaa90de5a9d74f403bdb56df411a80d0 -254.9489 76.35798 -433.0557 30.29636 5.758177 28.63063
7eb46ab1f73a0a7103e6bfd2d8b70b44 -437.53 62.98053 -285.4727 9.579064 0.1446173 6.236115
98b80c123e7d3651f085acb48dc74066 -430.0953 79.03621 -253.5513 0.4349654 0.4924744 0.3232937
6921c706c41c90c68c3250765023853b -349.0168 79.03621 -365.8187 0.4379341 0.4924744 0.3274811
3a8c7ebbbc2bf5de5d911cdfe8bfcd67 -355.4502 76.90686 -396.6603 0.2937254 0.4924744 0.4574057
6314bb50af6eb7e1410e7b8d8e54afe0 -300.2787 76.90686 -428.7386 0.2937306 0.4924745 0.4573976
54febe3de137865aa199a2b8e30aa818 -384.8418 72.4688 -383.2482 0.3922264 0.4924743 0.3784325
5dac7c3c01a9556c75a6510f8db04ab9 -428.5961 72.4688 -336.7809 0.3922267 0.4924732 0.3784302
6294598480ae32067c9d276c73465b37 -435.5629 72.4688 -327.0516 0.4974708 0.4924744 0.04937506
02d7be7f46b0229ade1b089499b4ab5c -453.0921 72.4688 -303.8535 0.4974708 0.4924744 0.04937506
2097c8e5a7898388c5ea79684bbd0f1c -470.6212 72.4688 -280.6555 0.4974708 0.4924744 0.04937506
fe0de1d5648a74fca0c0d7d6338ae42c -488.1504 72.4688 -257.4574 0.4974708 0.4924744 0.04937506
3eed6aeaa822998a40aefec73da13bf1 -488.1504 72.4688 -214.9078 0.4974707 0.4924744 0.04937506
176953a3dcc77c8e1c3667eb320dd6c6 -474.2987 69.72675 -236.1826 18.7415 6.660563 22.69777
4c060d27a96bea7d10f173f1e2951971 -456.7696 69.72675 -265.6944 18.74152 6.660563 16.38407
9f77a5813426faf88675883ceb86fd00 -439.2404 69.72675 -288.8925 18.74152 6.660563 16.38406
2811ec35ba3bab68c607d9b01488b8ca -421.7112 69.72675 -312.0905 18.74152 6.660563 16.38406
0d445efd971e48e833fb657ce22817b5 -131.6819 72.4893 -618.8206 17.48019 4.873399 23.05212
3ab3cc14c535b66bd53627a2cff5f1c1 -177.8442 74.26884 -603.0878 28.67561 3.518741 8.075901
0fdfb79628cd0f384fbe174185596455 -182.6373 73.29568 -633.4849 40.70697 5.679778 22.83483
3d4b10d0f072b9a4c98c2e296199eafe -169.2292 72.62804 -629.2722 0.03324219 0.6648718 1.68177
3cac63d9388dc72d1cd455c70ec05d0a -280.0704 70.0998 -572.2975 6.261309 5.109995 57.47832
909d3d58a0eca381c9a39acaeaf9d795 -267.4225 69.38302 -572.2975 9.310478 4.393209 5.800038
8424c7a87077623daeea58f3dcdbd699 -254.7747 71.63062 -572.2975 6.261309 5.109994 57.47832
25e520a57956d263efe0c24c809bb5cb -96.71349 78.85205 -570.0415 34.80577 5.279681 11.015
32894dd8b57c2ed029670cabdbb85b99 -168.2133 78.85205 -575.3209 34.34649 5.279681 7.167394
824081356f2926eed3dcbd7ea228641c -77.4808 79.666 -667.1238 7.167392 5.279681 34.34649
773ed3ce2eaa2750dc00e8c7cf821175 -57.04563 85.37468 -656.301 7.167392 5.279681 34.34649
dc45d2d7a7323e2af9ce3e9de25b0233 -36.0356 87.21005 -641.7555 7.167395 5.279683 34.34649
302f72bcb2f1b981554aefe478a92204 -15.27495 89.63762 -620.9344 7.167392 5.279681 34.34648
47fb23078503b17c707a765c4b0807bc 3.243296 93.9006 -602.4913 7.167392 5.27968 34.34648
fff1828591d2a137d84e8a039b3dafde -10.62301 90.03986 -542.3467 7.167392 5.27968 34.34647
7e9cd15fb9c80934aa28654e1aeba2ac -29.52784 85.77687 -560.2203 7.167392 5.279681 34.34649
6e895ac6299cd38e19752ffd00b8489e -50.80487 81.51393 -571.3041 7.167392 5.279681 34.34649
fa85af816a5259f0312e40b1da791e9e -79.75431 73.52644 -599.5132 18.25322 0.1671216 19.42688
7091c5c38fe227e49cf900ee50f91045 -172.05 71.24069 -578.0367 37.04913 2.331677 6.624489
e1fb00cf77e6a67f4e1dd11efa499abd -174.0795 66.34041 -164.282 2.3181 2.330859 5.746593
79d8ee7e02791229dc732ee1246f8749 -177.1223 71.13788 -195.4192 25.85673 7.240317 14.87695
35d5ab10ec618c28b4bd9bb9b76f04dd -227.3184 71.13788 -186.9421 25.90219 7.240317 14.87695
83086aff0507778367d7979841051662 -278.3786 71.13788 -179.5106 26.37224 7.240317 14.87695
395656ce8fe86b8a5fcef05d63e52725 -294.6424 74.61441 -164.2646 5.465224 5.68473 20.45408
19e43fe778a90896ff47c238dabb5127 -227.8038 71.13788 -139.7186 26.37224 7.240317 14.87695
a584a9b72793c93be2e37c965d2537ee -281.754 71.13788 -134.1888 30.05326 7.240317 15.08914
d3f06da68cad2fc3c48539a545c18d8a -189.2271 71.0751 -145.8958 14.89551 7.177533 15.12047
f7247ea76bfcb6ac100cf25e235575f7 -169.7042 71.64308 -161.4956 9.256543 7.633548 15.16143
27ac6eb52019f7472c8c7ad66028c7b2 -339.211 74.36046 -157.2938 27.33678 9.092982 24.89358
bc439ecd0f7476db15dcc3dc8576533d -419.6156 74.36046 -214.826 27.33678 9.092982 24.89358
8476e5ce0e3a82aa8ae33b8614f7a7d0 -367.6929 67.83271 -136.6819 27.33678 9.092982 24.89358
83b458f1998e2066ade45dc1abef50cb -442.8736 67.83271 -189.0616 27.33678 9.092982 24.89358
ea64bdc915645e85ea079c1d0f267019 -380.186 75.42684 -186.0782 26.07413 10.15936 24.04998
23e0fc9246bd0cb4621691c0376c71f5 -398.4498 65.51654 -169.6477 19.76971 6.776821 18.58324
e9b605d98169394b3afe6528e4fb2f2d -93.73613 60.23462 -244.6732 27.81756 0 71.07504
fb14badb413a419b94592ace54eea044 -309.2992 76.8037 -295.7626 15.44491 3.922393 12.96082
3c7f457d6c464616da0e197416a9e37b -252.7485 76.8037 -316.2783 10.0883 3.922393 16.93639
eda757a4434b9fe8e1c74cb9fd78d87a -239.7004 76.8037 -278.6043 15.4449 3.922393 12.96082
d11690553f4fdac650b70eccdf8dac29 -296.251 76.8037 -258.0887 10.08828 3.922393 16.93639
a9077d25c4f0cbd1a1504b9f2ec1b73c 75.61411 107.5792 -542.0316 16.6476 6.118572 14.83441
6346520856d60db446b31e718d81491b 70.14981 107.5792 -566.5516 16.32922 6.118572 14.82355
19e614c45359ee7d608a64479446491c -30.35878 76.61787 -272.0988 10.49704 6.11857 30.60156
c3d25247fbe37664c0386d793f136837 -18.12146 76.61787 -342.805 10.49704 6.11857 30.60156
d38e083113108846298bb1617e154db7 -36.88589 78.43056 -406.0901 31.88404 6.11857 23.89877
e39e501e4af7cf3d130d4fd31bbbdaaa -93.35131 78.43056 -434.8688 32.16555 6.11857 17.00677
09acc5c89d58787d69df6f911106908d -154.8191 78.43056 -453.4769 31.72231 6.11857 14.45782
8b0b53eb5fc0301610384c9413ff5f93 -147.6016 83.74986 -489.1226 10.76944 2.845398 12.09149
c9371b685084db1d4bf1edbbb5c7dc50 -109.6375 85.508 -478.635 10.76944 2.845398 12.09149
3eca37e791fbd344297cefa75361ed0e -73.03392 88.94704 -469.615 10.76944 2.845398 12.09149
20150552dcfdfccfb01349199178252f -41.05457 92.11234 -462.9969 10.76944 2.845398 12.09149
d2a1da0b54908348e69cc61695516a01 -133.2824 83.74986 -539.4662 10.76944 2.845398 12.09149
efc53dab5137bdceab1458d5c1fadd79 -97.10039 85.508 -530.8934 11.04176 2.845398 12.33339
e0f3ce8875fcf509f861c732675d9c6a -173.1072 77.21208 -546.9026 10.76944 2.845398 12.09149
541fac33d05a57fd05341de812c40bde -269.2253 92.67107 -305.0838 16.06143 2.845398 15.71768
0ab8b817a0b1d67ef51e034556aff729 -260.5846 92.67107 -279.8944 16.03881 2.845398 15.67564
25d6b2fa777c3c67db373d07b94628a7 -304.5515 92.67107 -284.0298 16.0505 2.845398 15.69717
bd8d09b5970de27a7367a313332e1a81 -294.1257 92.67107 -257.2062 16.0505 2.845398 15.69717
67922f08ad62cfaba7464fd73a3b4bbe -55.26631 94.78362 -508.0415 36.19705 6.11857 14.89114
b9e262c3bdc0a35ec0f38fc85a21bb9c -8.202476 95.98816 -449.5193 17.02059 6.118572 16.95938
ae65ed2a378478216ed3fb77c798d82d -183.3849 88.84225 -271.9149 18.33526 6.076295 37.65071
5c39aa54b9a2a7f58064cd3d06a4e8ba -350.26 88.84225 -219.0428 41.67208 6.076295 35.36392
daacee5441dd4d07acc5a86b9b196681 -188.2892 76.8873 -485.7512 12.0698 2.988113 16.3831
e675f0ef1a1e6b7527881f24206d95e9 -361.9107 73.06717 -1456.508 43.06604 21.22502 32.91836
6c9f149f186ad19d90f5eb2b3e0c6d80 211.9543 61.82706 -965.4943 10.40579 10.12845 10.34997
52d6cfdf741d9e417702636cbd391f4f 198.2504 61.45762 -975.3435 8.110449 9.75906 8.190582
d8af695be723e7134879eb08c7c744cf 210.8438 61.46715 -982.3718 6.544975 9.768531 6.447449
f06c8be61eb5b27a0dc1ece9e84e91ce 200.8223 73.16081 -972.9496 11.21406 1.914416 11.11773
21da8fe197fafb91b09be4c833ff59d5 214.044 69.95046 -974.7239 14.89563 3.16656 14.66497
a226acf230c745a37e938982a326f3f0 206.8913 75.66693 -970.5639 17.74995 3.712275 17.49327
408202a66395ec689ab047c5a8a54180 206.1137 61.84409 -970.9448 4.864453 7.361748 4.82078
53dd0d8ad9bc7457da363a9d0daa7cf9 204.3451 63.24207 -979.8628 1.135363 8.717707 1.138587
d2b33cde0a6abad28baf6aec1fc76caf 209.4682 62.40049 -971.6641 18.2177 9.885374 18.14722
4de78fe2c76b75f6c43da20f330cf303 231.6081 61.8145 -949.9899 10.34996 10.12845 10.40578
d71897e3303a6f8adf704db17a7a7bd4 244.7193 61.44506 -960.6152 8.190577 9.75906 8.110441
7173a6e1c602fb155958a4e01fea0e01 231.7405 61.45459 -966.9034 6.447435 9.768531 6.544962
4173386f3e74d6b2b7741d80415dd969 242.2902 73.14825 -958.0766 11.11771 1.914416 11.21404
f01628426132c18e518907671a415b5b 228.9881 69.9379 -959.0832 14.66494 3.166561 14.8956
f33f0ca3472b3c3818f2a8b88c8e9a70 236.3693 75.65437 -955.3439 17.49327 3.712275 17.74994
a650616dfebe3a3fe78e5c696bde500d 237.1237 61.83153 -955.7691 4.820776 7.361748 4.86445
67573f90e96ca36420a0588e761fcf4f 238.3735 63.22951 -964.7745 1.138572 8.717707 1.13535
e97ae376e574ab9fe7b5dc796f3fe49f 233.7332 62.38792 -956.2932 18.14722 9.885374 18.2177
a1ac06e619b9484963cedf9bcea6047a 258.0767 61.8145 -925.7736 10.34996 10.12845 10.40578
0562d61ceb233e74676ba3bc0ad3ddf9 271.188 61.44506 -936.3989 8.190591 9.75906 8.110456
be1efc35a68c47a68c18a69a9429ec1f 258.2092 61.45459 -942.6871 6.447437 9.768531 6.544964
c97d4f35dead44758c3eb2f8112dc5e3 268.7589 73.14825 -933.8602 11.11771 1.914416 11.21404
e60136bd80c3a2ba295cc10739908789 255.4567 69.9379 -934.8668 14.66495 3.166561 14.89561
d386325f0f8deec5d867ca8faeadc495 262.838 75.65437 -931.1276 17.49327 3.712275 17.74994
8ae451aac2adb70e0588bf35a2cf071b 263.5923 61.83153 -931.5527 4.820775 7.361748 4.864449
899c807bf13fb8aa7f33d85e055ab2c0 264.8422 63.22951 -940.5581 1.138574 8.717707 1.135351
092dd103a718a24fce4af97af6cb2ecf 260.2018 62.38792 -932.0768 18.14723 9.885374 18.21771
7f5f3a9ed74bb5a4f025c733ebe3bd8d 193.2531 67.14726 -938.3873 10.40579 10.12845 10.34997
f82573eea3fdda31d071d5103072f736 206.9569 66.77783 -928.5381 8.110445 9.759061 8.190579
36d09b2bef0a5ce3f0625958fdec4d69 194.3635 66.78735 -921.5098 6.544975 9.768531 6.447449
27ec0e8abf2ea586bb241277b6658277 204.3851 78.48102 -930.932 11.21405 1.914416 11.11771
27b1d529df6e2c37f39d5911e10a8407 191.1634 75.27067 -929.1577 14.8956 3.16656 14.66494
fbabeecb0e54422c68acc6c37a19c943 198.316 80.98714 -933.3177 17.74996 3.712275 17.49329
7d0dfdcee2179d3528e9eabac07ed97f 199.0937 67.16429 -932.9368 4.864433 7.361748 4.820759
909a017cafca8445b428eacdaa19f9a3 200.8623 68.56227 -924.0188 1.135377 8.717708 1.138601
1f44795c01eb2c03f705b63fc02f5404 195.7392 67.72069 -932.2175 18.21772 9.885374 18.14724
9eef3af6f9085ddadffa329ee95620bb 243.9721 67.1347 -890.538 10.40578 10.12845 10.34996
9ef94362095946f8e02c7072062b7cd4 233.3468 66.76527 -903.6493 8.110452 9.75906 8.190586
dd8fd4b501816cb6d8b8bcac019b2008 227.0586 66.7748 -890.6705 6.544977 9.768533 6.447451
f6d8afd53ddc81ae75fdd622eaa9d8ca 235.8855 78.46846 -901.2202 11.21406 1.914416 11.11772
a0c411caf93c63bcbaf0c6d0c40e8165 234.8788 75.2581 -887.918 14.8956 3.16656 14.66494
237faa9070aa8b29fda96db7e6e05c81 238.6182 80.97458 -895.2993 17.74996 3.712275 17.49329
3b286d6639083e21292db410a6e0f114 238.193 67.15173 -896.0536 4.864455 7.361748 4.820782
70a35116e9dbacd6166280ed2e0108ae 229.1876 68.54971 -897.3035 1.135355 8.717706 1.138577
db7e36a33449a3e18996682b7dc1f3da 237.6689 67.70813 -892.6631 18.2177 9.885373 18.14722
9130b2e50911d8a24e1393eb25f8ac8e 216.4309 65.45973 -910.8754 23.22481 8.535091 23.40766
44f80e91a8acf62e7157f59f12f141d6 -101.1236 74.23193 -868.2817 40.7613 11.95263 25.20308
82de7cdec57dbd930339121fd2d2bbf0 -101.3492 78.08866 -928.1354 23.71646 11.95264 33.82418
4af4594358f329f974aa28fcbb22c730 -125.1443 78.08866 -989.5388 24.37336 11.95264 28.40191
47176407aba7ff17cc43d486cb3cab5a -187.6949 71.78909 -996.9401 20.60064 11.95263 43.15814
62d7830e890a439f253bdb5e242602fd -153.8342 73.88944 -923.449 23.08816 9.764617 33.03026
2f7e34768675c36186ff68204ca83621 -116.1087 77.31899 -1061.602 41.06943 11.95263 24.6275
b4b90ca8a9461228445b79605026cff9 -125.2702 78.08866 -1118.66 26.8938 11.95264 29.09012
e1d606dede539567304d6da7de4ecbce -169.9181 78.08866 -1171.268 26.73583 11.95264 27.85961
dd2363a69755ed9f29b57a9be053c813 -221.9546 65.6972 -1162.009 21.05836 11.95263 44.28217
13131e4d6e8790367b0ac3ae415ccd4a -185.8641 68.0366 -1100.871 23.01278 6.558322 24.74019
d0889a3df1dc77f0e2221ebf0a1232db -232.3055 65.40605 -1270.689 17.57398 11.95263 37.55273
0a376643418deb28fc14e4d3da564430 -179.6471 75.94396 -1260.862 24.14041 11.95264 28.43578
55707fba6f989f0539d6382cf56ca690 -124.2159 72.0915 -1309.041 29.02926 11.95264 20.57207
1621f548395572c03db2a1f4a4c05d9f -172.2281 65.04458 -1359.858 39.70548 11.95263 18.83762
3de94cd2d3d83f16f283c7bcf5182a3b -216.631 63.75262 -1324.238 32.62141 8.716531 23.08648
3fd72052b4f1d32ac75da79743fedcea -304.7291 59.5253 -1324.176 31.62138 11.95264 34.4134
36456206a40bd1946cad0626ff853376 -227.4516 58.77446 -1411.997 31.78152 11.95264 24.68553
61003bea8c9009e0201fb8183188398e -301.7776 62.51975 -1449.435 30.85322 11.95264 33.84659
6d3119aa2abdc8bcae247bac83556039 -359.2527 61.94925 -1403.122 31.78403 11.95264 24.68954
5c3c1fa5c3810bda2772813771b386a6 -290.5945 60.29773 -1383.636 22.47945 7.885074 29.82402
3ebe16f6b7d82099135aee27d06a474e 360.4557 54.65365 -991.8716 16.40984 6.561166 16.58857
485eea64d0c1a01bfbeeb5b95e333224 373.022 60.97663 -957.7863 75.93199 9.297138 76.36384
ea175555fdb0ddc35fc2530a710f24a9 343.795 58.8543 -934.2416 41.60976 7.174012 40.86003
33bcf3435ff741bf4625fca7b02debcf 405.3105 55.26649 -949.9362 29.1867 7.174012 29.32672
5d9bd296ada6a82216dba0b1ce6f8b5b 372.4053 55.26649 -980.9871 30.98728 7.174012 31.02618
1ca950b63e3b6e6feaa2d748d4ca0531 412.3033 55.26649 -995.439 20.72458 7.174011 19.88044
821a911a620c332f8d98bb9e6ca64046 304.306 58.8543 -955.8743 13.09153 7.174011 13.0915
d9ef15ef4a34c1a4f96f4171c647ab5d 339.4717 61.25658 -973.5225 4.93589 13.16409 4.967772
7f84d12858dee2c407c2bd6c8b0c6328 373.3803 51.60903 -977.9786 8.819741 3.648605 8.819742
6b2d25868bf56cd9c8857ae24da5514e 410.9895 51.60903 -950.2102 8.819715 3.648605 8.819715
c311ca13020420ae4d9db0c5693b1617 340.3905 55.32889 -937.1617 8.819727 3.648604 8.819729
3ccf5c819773bf1e8232e89dbb8588ba 337.1018 54.65365 -1013.912 16.40983 6.561166 16.58856
4ec70808b6624539b34ae4719f7c9a8d 302.3468 60.97663 -1024.486 75.93198 9.297138 76.36382
fdda28884de56354d1152dc6609225da 280.532 58.8543 -993.9457 41.60977 7.174012 40.86003
051b6b3b8274fb398aa62606b694ad18 292.6424 55.26649 -1056.266 29.1867 7.174012 29.32672
dba88d3755c7f254ed0bcd476fcb6c3b 325.5445 55.26649 -1025.212 30.98725 7.174012 31.02616
cdff3181861e9ace0ecc3c14c4b720f4 337.6646 55.26649 -1065.879 20.72457 7.174011 19.88042
1c539e068fa59a36338836f6222a5423 319.9301 61.25658 -991.9648 4.935887 13.16409 4.967771
eadaf5c401246f165432c9a3bc0d487a 322.4848 51.60903 -1026.011 8.819859 3.648605 8.819853
3021c933069893446440f42442800814 288.1285 51.60903 -1058.435 8.819826 3.648605 8.819818
73048a6e2330f2ff34e04e9ca56ff5d5 283.6441 55.32889 -990.7158 8.819975 3.648604 8.819962
735d160e98052528c0479ba4ca057f9e 207.1919 52.89708 -1132.791 18.47394 4.81296 19.80168
02d7f674ca01c3b7f54d50f6f4071684 197.5555 61.16947 -1141.76 31.19071 3.459448 29.55846
5f722d5ada965935e57c5668983b0e10 189.5484 53.07352 -1131.778 2.649238 4.981038 2.610332
8988c4ae38e4f4a6196d91061e01c737 222.0951 52.70647 -1171.625 10.8115 1.384523 11.89238
c5745dc7a8bba8a2ec259cef100779c9 234.9521 51.43234 -1132.229 13.00277 3.345254 18.14512
4a584935f8a6ee2f15b12b442045f20f 235.1271 54.77759 -1132.149 14.00908 3.192234 19.09533
11fb04bcf98d7646a1b84664405406ed 255.3905 57.0901 -1108.376 27.7098 8.997607 27.26781
aaf985748ab93107be6b377cc83a8c80 255.2531 59.27974 -1108.998 29.34967 7.600249 21.94008
aceced324733a2704cf64f81114f1993 215.3491 61.48846 -1063.831 27.70981 8.997607 27.26781
b9a4573c3efd5cdc6377091ae3ef7aa6 215.2118 63.67811 -1064.453 29.34967 7.600249 21.94006
7789c195af07030bf47c02f4a9a2d702 176.0997 61.48846 -1085.11 27.2678 8.997607 27.70982
f165c7b3c12a2941feffc4d4eaf48940 176.7222 63.67811 -1085.247 21.94006 7.600249 29.34969
ec7f80c0369f691179fd559bacb881f4 143.0899 57.0901 -1113.249 27.70981 8.997607 27.26777
0770ee70d016635ca8800937b8ed3e17 143.2272 59.27974 -1112.627 29.34965 7.600249 21.94006
b6fb1c3f6e3cfa21f2098761f784632a 187.7715 52.89708 -1149.476 18.47402 4.81296 18.73297
e208ec8fc3d5b5405a656451b34f5d97 188.7481 51.43234 -1187.553 13.13786 3.345254 17.91941
00253147db38b7bc9644593e40219320 188.7352 54.77759 -1187.459 13.99045 3.192234 18.86904
ad34d38032741030df42d1049e884d5d 136.4719 58.8836 -1166.854 20.45843 10.79111 22.51293
e4701441948467424a6a410fa1cc60b3 138.268 62.86681 -1165.207 19.53515 7.600249 22.24195
62b8eaed31d963a19dfe45590f2fa9c1 125.0458 58.8836 -1206.844 22.43375 10.79111 22.02092
f209fdd74938f47aa3f7d76c424a83c2 123.0296 62.86681 -1208.507 21.70547 7.600249 21.73617
6237349003b79b13732d0b7638d93b3e 96.44096 58.8836 -1248.284 23.82838 10.79111 25.11441
d62334f6abaf3d303ae3d6a6be3493d0 99.47535 62.86681 -1244.548 22.09517 7.600249 22.85742
55b49377d2e73b29e96e012c260f3d01 64.10687 58.8836 -1274.222 23.82839 10.79111 25.11437
85f10c10f61b31644a03ee77dfbe64e6 67.14128 62.86681 -1270.486 22.09518 7.600249 22.85738
402b50289218971a64245695eb525f9b 167.5278 49.59959 -1150.916 3.212974 1.507105 3.212988
ea2c0e26e3d9adde45bfabbac03ee337 167.5149 52.02554 -1150.918 4.357295 0.9188482 4.355293
e418208903dd1a578a0147d08f2d572a 283.1541 61.79888 -914.4531 10.34996 10.12845 10.40578
bc23fd7b65afa69afc619e9f12123c4a 273.3049 61.42944 -900.7493 8.190591 9.75906 8.110458
a23978adb34d2d7281a9520f820f3807 266.2766 61.43897 -913.3427 6.447464 9.768533 6.544991
38e0223097a1f058651cfeb81151bf5c 275.6988 73.13263 -903.3212 11.11773 1.914416 11.21407
46094748c7e0ab2fd4095787524fce3d 273.9245 69.92229 -916.5428 14.66498 3.16656 14.89564
844179a680b5063ae575addbd84b7604 278.0845 75.63875 -909.3903 17.4933 3.712274 17.74997
d610c74a27c5f6dc79b51b928539a0e7 277.7036 61.81591 -908.6125 4.820808 7.361747 4.864484
313dec5df74930e0bb5169d968374292 268.7856 63.21389 -906.844 1.1386 8.717708 1.135377
016845da82a27edfa2a76bc3c419306c 276.9843 62.37231 -911.967 18.14725 9.885373 18.21773
31095f8bcf44bf2426871b56ac658df1 297.8628 61.80694 -887.4425 10.34715 10.12845 10.40313
04e2c5f80846a46a4f8315efc9b5e286 310.9769 61.4375 -898.0652 8.190591 9.759059 8.110457
543009348ef7de241122a295843c4ff6 297.998 61.44703 -904.3534 6.447449 9.768531 6.544975
a945be433770953076ac1be865a0b244 308.5478 73.14069 -895.5265 11.11772 1.914416 11.21406
2e11597b9e490f71a79883cab170d4c2 295.2456 69.93034 -896.5331 14.66497 3.166561 14.89563
5fdd354acb80cff5b5a4b4f0182ec246 302.6269 75.6468 -892.7939 17.49327 3.712274 17.74994
e98ff6313d5206bbb8e59ee457afabc8 303.3812 61.82397 -893.219 4.820788 7.361747 4.864463
f3060f09473bf01a8b00c8b7e4a2244a 304.6311 63.22195 -902.2244 1.138601 8.717708 1.13538
49cde7602fe99aac52ceb26bf2e6fce7 299.9907 62.38131 -893.743 18.14724 9.884431 18.21772
d270221f4fece80f0c0d644cc458421e 259.4993 67.14726 -875.8679 10.4058 10.12845 10.34998
9adc3650794fba9eb5f01e0a949a1990 273.2032 66.77782 -866.0187 8.110456 9.75906 8.190591
f74ad58b0d101000cd1c5e9eb9f75105 260.6098 66.78735 -858.9904 6.54499 9.768533 6.447464
d783f7ab0d866d86aa3411aa49fd16d1 270.6313 78.48102 -868.4125 11.21408 1.914416 11.11775
fdf4dcc4cc74e24a02bcadb143e91a27 257.4096 75.27067 -866.6383 14.89565 3.16656 14.66498
79aee0eabd4524e88ccc524ae4cc52d7 264.5623 80.98714 -870.7982 17.74998 3.712274 17.49331
27be5f2d6b732822c0ac9a775aaa3e9c 265.3399 67.16429 -870.4174 4.864502 7.361747 4.820829
c96bab1d97a531dd453c0745e351338e 267.1085 68.56227 -861.4994 1.135394 8.717708 1.138618
b46f70f8ad7b7f41fdbb0efd768de0d2 261.9854 67.72069 -869.6981 18.21773 9.885373 18.14725
d4f5a1995eaae4a62abd79f949ede28c 295.6174 67.1347 -843.5331 10.40582 10.12845 10.35
e7a91c207c92c96067dd944109865aac 284.992 66.76527 -856.6444 8.110481 9.759059 8.190617
dd5aef2b6dd278990ca6561363792f45 278.7038 66.7748 -843.6656 6.545003 9.768532 6.447477
6ae383f842ab78565fbf1aaa72568c84 287.5307 78.46846 -854.2153 11.21406 1.914416 11.11772
5fce1978b341bf3f93a55e2c8b35b6fb 286.5241 75.2581 -840.9131 14.89566 3.16656 14.665
fe194162ae7acc4d8e257049f86628c2 290.2635 80.97458 -848.2944 17.74997 3.712274 17.4933
b64a455dc61e82af9765bfddbdfcfee0 289.8382 67.15173 -849.0487 4.864481 7.361747 4.820807
81b5cf7832d418a9f9c69f86e6b8d96e 280.8328 68.54971 -850.2986 1.135339 8.717708 1.138562
22ab6865ec807c715bf54b55ff6405ec 289.3141 67.70813 -845.6582 18.21773 9.885373 18.14725
9c2c286e754d9c69f5579adf1442014c 278.2681 67.1347 -824.0134 10.4058 10.12845 10.34998
13c53550c6f3bc50132a3789d8598ab5 288.8934 66.76527 -810.9021 8.110463 9.759059 8.190598
83bad4a13ef40b9c9c24455b906814f2 295.1816 66.7748 -823.8809 6.544989 9.768532 6.447464
0bb0d4a1de8719f76a64dcaefc656bdb 286.3547 78.46846 -813.3312 11.21407 1.914416 11.11773
d40a6705a2b1eec478b655bb471d816f 287.3614 75.2581 -826.6334 14.89562 3.16656 14.66496
3671e720ee19b3f211527929584dc06a 283.622 80.97458 -819.2522 17.74995 3.712274 17.49328
83cd4a297a63639a6eea619eb53e2c26 284.0472 67.15173 -818.4978 4.864454 7.361747 4.820779
142a683a0a89a3e27676cc103f26bd1a 293.0526 68.54971 -817.2479 1.13538 8.717708 1.138604
64fe133f764de4764b7a311e82a7e30a 284.5713 67.70813 -821.8883 18.21774 9.885373 18.14726
f8376bd31c3de7cbe26efd3f81567860 318.4483 57.28761 -878.0443 21.04253 5.607323 20.99383
5784766c8948967c2ac841219acef754 304.0676 59.08324 -882.5037 14.64277 2.077033 14.97122
efbd8a851b945ea50c01b1a2d59cad3b 646.6047 84.96768 -609.0249 89.90082 7.600696 57.96284
3a8842757facd74a2a37732603f5092b 646.9544 85.28538 -609.0333 89.27762 12.51081 57.71025
52903cb4659b3ca9c5e77967791f6363 646.4852 82.42 -608.6724 88.72555 9.64543 57.04842
f1bb5ff592316af7c55a4e582a785124 646.9544 95.61346 -609.0333 89.27762 2.416079 57.71024
c212604a22703c5898fae539026316d2 646.9526 87.18916 -609.0148 93.4756 2.873586 61.92502
ce5aba855c7be0d53f22bbccdccd38c8 481.1833 84.96768 -666.4453 72.92426 7.600696 43.27517
3aca7cf8e9187a6de99dda32eb8c650f 481.1964 85.28537 -666.4521 72.63763 12.51081 43.02424
d00936806452fe2f057971bd829a43c6 481.503 82.42 -668.9078 71.30976 9.64543 39.54578
d77e94bb92512b1376f5d3288e63e40b 481.1964 95.60872 -666.4521 72.63763 2.41134 43.02424
18560fc3a05689af995e4552b6863829 481.1956 87.18916 -666.437 76.83466 2.873586 47.23553
b3da456b37d7cf1d1bcefc36f5dd174d 725.9736 84.96768 -796.7843 77.03787 7.600696 62.04741
417e602c56ad7c8cee172b2a106c092b 726.0994 85.28538 -797.2686 75.93367 12.51081 61.30163
baf4132f94db2f0a9c28733ff6b67622 726.0578 82.42 -797.0934 75.89203 9.64543 61.12646
04e667c87c906fa9e7bdfd4df5509f17 726.0995 95.60226 -797.5327 75.93365 2.404883 61.56569
9b49711d014482455e0b8fb990912207 726.3696 87.18289 -797.3949 79.61629 2.879851 64.84054
fc802dcaf3b35e10c57923537b4c3b43 510.1657 84.96768 -772.6606 97.90562 7.600696 37.92375
d0932d041ee8737a04e29f4a31d9ccba 510.1657 85.28538 -773.1398 96.67558 12.51081 37.17285
0205cfa7ef036b5f97dba04eb0ec9c83 510.1657 82.42 -772.9837 96.67561 9.64543 37.01681
4bcf3723b455920e27bb00ca771a5e66 510.1657 95.61346 -773.1398 96.67554 2.416081 37.17283
248e921f1dfcf15bcac96254f5a60710 510.1657 87.18916 -773.16 100.0881 2.873586 40.60563
1191a25bb9a054bfbb7d4a40515488d4 663.0486 77.42429 -663.9898 4.933476 4.649722 3.840752
c741ddde0c3aea4c42a949f3fc214f0c 658.1068 82.14685 -676.8635 16.25959 9.372285 15.41218
fac7063842f0c8dc2992917064823be7 657.7906 89.85286 -676.8635 15.94344 1.911044 15.41217
50083a752345e6285d91ab852b65010f 652.8135 77.48215 -689.0491 7.308164 4.707581 3.912935
30cabe4132ae4086aeac3968b2471829 656.9698 77.72059 -678.8729 15.18344 4.946021 9.069824
61a5840ef8ebbe8660fd9eee680818a5 658.6954 80.56294 -677.892 17.65664 7.788372 15.69964
e7212f6606474e31570a8282e2c0098f 657.6045 81.35704 -676.8336 15.21646 8.582476 14.86465
ed29e331f233ecf71b5bfb0c298c354f 385.5772 82.69706 -743.0607 12.82111 9.922492 44.57518
4c7c355a6ab8415b8033f775351867fd 387.4078 82.14709 -743.0607 10.99053 9.372527 44.40964
6ecbf4a7e711be27974e2f400ea5a4c8 385.5195 78.35943 -743.0607 17.24678 5.584863 40.89247
209742aace93ed336ac339f45ab9524f 386.2094 88.07572 -743.0607 15.50492 4.087158 47.889
59e913db8e65478063fd3ceb632759bd 395.4386 84.6227 -743.0607 4.15498 7.385644 44.84361
10c3ebf43f3b5e3d95e2572f1d1998c2 656.4148 76.30624 -600.7471 20.28068 3.388364 22.74915
a894f6f30d0805e816707799fd711d99 650.7197 82.26984 -591.7455 8.321269 3.917747 9.111907
6224ef23204f1d4a4bb235c92fd37f17 656.4147 81.09773 -586.3657 20.28068 8.323164 37.13055
3bbee073ea195e2eebd6acb12ebc1545 660.0992 88.19865 -574.0269 14.53402 0.5595959 25.72299
1384143f77697c453bbd029d09ba7f01 506.7905 65.68466 -854.6319 15.40377 8.552478 20.02551
ddd22681d9fe03ce12b53f54eaadfe0a 754.8472 87.53851 -677.7327 16.42684 9.117861 21.45903
bcc84bfff5d19306985673ec12742af6 758.9893 87.90601 -677.7327 23.63164 15.13144 33.32224
ba4194e17fb11ddae18380bc7377eba5 749.0203 88.27893 -677.7327 33.60066 15.50437 44.26222
1223c036495a18594f122f6fda7fa036 749.0203 101.8235 -677.7327 33.60062 2.260935 44.26223
72a8d0b7f2f9923f5f927f3b9eb37f63 747.6826 88.91589 -677.7324 32.75125 12.79997 44.78877
2ed6b5c02a6095abbd576279b2addd06 628.492 83.43668 -760.072 11.61779 10.66739 17.32792
3b24eeddbec0b6cb7a9f3e833b26d23e 628.492 93.02422 -760.072 11.61779 1.520403 17.32791
854ef3285cd58add86d1d51120a05905 628.4939 82.33578 -765.8065 11.86664 5.332614 11.84891
7344228e0b1e9578062360a23e99cddd 628.492 81.11711 -748.0037 11.09076 8.339713 5.259531
8168545053ad3e046f799b7b862fb8c7 608.1331 82.67012 -583.7658 23.83789 9.895553 22.63917
15c27329238d0fd30153b62b0bfc2aa7 609.129 80.00871 -583.9259 5.795918 7.234138 17.2964
0050cf7adcbb057eb56c01d13a05d434 606.4099 90.02582 -584.2404 22.11477 2.963052 22.16454
d5263a7d15afddba905bfe323ff75d4d 611.2105 79.10112 -601.7736 16.98213 2.830166 4.800698
3765baadb3a7c38f5254f926b0e192ed 606.1438 80.22164 -582.6443 21.12617 1.741327 19.84321
efc7e8eb0e538724aa8054df0288997e -475.0519 71.4825 -975.374 48.83982 13.46664 27.4402
495a636253ca5ccf53f9532690a4503f -474.6083 76.62408 -973.9299 50.24074 5.050095 27.03287
