-262.80402 -869.11933,-262.80402 -819.74827,-199.24098 -819.74827,-199.24098 -869.11933,-262.80402 -869.11933
-408.54764 -921.86266,-408.54764 -856.02594,-394.60773 -856.02594,-394.60773 -810.86916,-331.03967 -810.86916,-331.03967 -848.02471,-274.49528 -848.02471,-274.49528 -915.71789,-322.41556 -915.71789,-322.41556 -921.86266,-408.54764 -921.86266
-316.64485 -845.89632,-316.64485 -791.0262,-339.92138 -791.0262,-339.92138 -722.1994,-276.67862 -722.1994,-276.67862 -786.24828,-271.68595 -786.24828,-271.68595 -845.89632,-316.64485 -845.89632
-207.35851 -721.73438,-207.35851 -664.86282,-159.07769 -664.86282,-159.07769 -721.73438,-207.35851 -721.73438
-215.50458 -811.13242,-215.50458 -779.76098,-252.82341 -779.76098,-252.82341 -740.67793,-253.45048 -740.67793,-253.45048 -665.57247,-218.30252 -665.57247,-218.30252 -733.58802,-187.58059 -733.58802,-187.58059 -773.45718,-136.09362 -773.45718,-136.09362 -811.13242,-215.50458 -811.13242
-156.81606 -762.04927,-156.81606 -720.90513,-98.75754 -720.90513,-98.75754 -762.04927,-156.81606 -762.04927
36.70756 -731.77247,36.70756 -681.54373,41.47517 -681.54373,41.47517 -680.06512,69.04165 -680.06512,69.04165 -655.60559,73.80926 -655.60559,73.80926 -654.12698,97.75323 -654.12698,97.75323 -619.20693,99.04115 -619.20693,99.04115 -617.25908,112.44247 -617.25908,112.44247 -576.77787,115.16185 -576.77787,115.16185 -575.40145,154.23215 -575.40145,154.23215 -619.88535,153.35933 -619.88535,153.35933 -621.80373,143.90865 -621.80373,143.90865 -661.30092,141.16417 -661.30092,141.16417 -662.67927,117.9996 -662.67927,117.9996 -699.84182,116.69841 -699.84182,116.69841 -705.83441,85.66553 -705.83441,85.66553 -725.77988,84.36434 -725.77988,84.36434 -731.77247,36.70756 -731.77247
-160.74913 -518.6657,-160.74913 -469.4107,-78.61027 -469.4107,-78.61027 -518.6657,-160.74913 -518.6657
-246.58386 -638.72717,-246.58386 -550.16283,-212.44778 -550.16283,-212.44778 -508.56711,-166.42222 -508.56711,-166.42222 -558.04749,-204.46714 -558.04749,-204.46714 -638.72717,-246.58386 -638.72717
-200.22483 -631.56391,-200.22483 -575.84469,-155.7349 -575.84469,-155.7349 -522.00598,-101.9473 -522.00598,-101.9473 -580.18622,-146.75317 -580.18622,-146.75317 -631.56391,-200.22483 -631.56391
487.81583 -307.09391,487.81583 -267.04289,518.62337 -267.04289,518.62337 -307.09391,487.81583 -307.09391
-211.86654 -472.53474,-211.86654 -386.21846,-180.49326 -386.21846,-180.49326 -322.85524,-145.4558 -322.85524,-145.4558 -275.51512,-63.9332 -275.51512,-63.9332 -325.92128,-134.31694 -325.92128,-134.31694 -388.91576,-170.66526 -388.91576,-170.66526 -472.53474,-211.86654 -472.53474
-153.08866 -450.37721,-153.08866 -393.57339,-128.63656 -393.57339,-128.63656 -326.74782,-81.20364 -326.74782,-81.20364 -394.39618,-104.34194 -394.39618,-104.34194 -450.37721,-153.08866 -450.37721
-212.67003 -17.097729,-212.67003 -3.848751,-206.13079 -3.848751,-206.13079 -0.590039,-137.43781 -0.590039,-137.43781 -14.924827,-138.57177 -14.924827,-138.57177 -17.097729,-212.67003 -17.097729
-464.22409 -18.034336,-464.22409 23.648624,-437.70151 23.648624,-437.70151 -18.034336,-464.22409 -18.034336
-344.2590898 -18.186543,-344.2590898 2.070977,-343.8154914 2.070977,-343.8154914 3.0982922,-343.5981086 3.0982922,-343.5981086 1.3284978,-343.8099102 1.3284978,-343.8099102 -18.186543,-344.2590898 -18.186543
50.24967 -13.811714,50.24967 15.835386,55.39558 15.835386,55.39558 40.3663,88.69078 40.3663,88.69078 10.69748,82.90811 10.69748,82.90811 -13.811714,50.24967 -13.811714
-393.386603 2.851183,-393.386603 19.804217,-378.480197 19.804217,-378.480197 2.851183,-393.386603 2.851183
-187.44754 8.56938,-187.44754 32.75236,-165.90866 32.75236,-165.90866 8.56938,-187.44754 8.56938
-147.62274 16.00581,-147.62274 40.18879,-126.08386 40.18879,-126.08386 16.00581,-147.62274 16.00581
776.86285 -65.90697,779.05002 -65.90697,779.05002 -154.43143,776.86285 -154.43143,776.86285 -154.95777,711.36035 -154.95777,711.36035 -103.37633,672.78114 -103.37633,672.78114 -126.02824,637.46786 -126.02824,637.46786 -103.37633,554.45936 -103.37633,554.45936 -146.1091,400.79004 -146.1091,400.79004 -51.63804,549.9061 -51.63804,549.9061 20.47371,736.8573 20.47371,736.8573 -65.38023,776.86285 -65.38023,776.86285 -65.90697
-400.877108 -75.904621,-400.877108 -75.666032,-424.88057 -75.666032,-424.88057 -69.80202,-435.177419 -69.80202,-435.177419 -58.28638,-433.115624 -58.28638,-433.115624 -56.47842,-432.328538 -56.47842,-432.328538 -32.59496,-427.099738 -32.59496,-427.099738 -8.68721,-425.17718 -8.68721,-425.17718 6.636495,-404.68222 6.636495,-404.68222 -13.687905,-410.390062 -13.687905,-410.390062 -35.10595,-415.618862 -35.10595,-415.618862 -58.956368,-398.46183 -58.956368,-398.46183 -65.342759,-395.622092 -65.342759,-395.622092 -75.904621,-400.877108 -75.904621
-380.003055 -92.011765,-380.003055 -78.560735,-375.23511 -78.560735,-375.23511 -54.62083,-364.92081 -54.62083,-364.92081 -32.81535,-375.32682 -32.81535,-375.32682 -21.426444,-377.69835 -21.426444,-377.69835 -10.915656,-374.78061 -10.915656,-374.78061 12.413875,-347.49639 12.413875,-347.49639 -18.455525,-348.18058 -18.455525,-348.18058 -22.387037,-338.846041 -22.387037,-338.846041 -35.838083,-342.511903 -35.838083,-342.511903 -37.428619,-343.94899 -37.428619,-343.94899 -59.57395,-354.26329 -59.57395,-354.26329 -81.76707,-364.475099 -81.76707,-364.475099 -84.685868,-364.953145 -84.685868,-364.953145 -92.011765,-380.003055 -92.011765
233.95221 -107.56849,233.95221 -24.34433,326.79539 -24.34433,326.79539 -107.56849,233.95221 -107.56849
-46.773915 -108.5385,-46.773915 -39.84552,-32.439125 -39.84552,-32.439125 -108.5385,-46.773915 -108.5385
-226.91517 -88.75619,-226.91517 -43.08653,-210.09071 -43.08653,-210.09071 -27.448369,-152.73949 -27.448369,-152.73949 -43.08653,-152.73299 -43.08653,-152.73299 -28.205,-117.77261 -28.205,-117.77261 -74.30924,-145.50123 -74.30924,-145.50123 -88.75619,-226.91517 -88.75619
-26.013262 -87.71742,-26.013262 -27.003299,-40.266152 -27.003299,-40.266152 41.689681,-25.931368 41.689681,-25.931368 -19.02446,-11.678478 -19.02446,-11.678478 -87.71742,-26.013262 -87.71742
-88.219122 -133.90686,-88.219122 -65.21388,-73.884338 -65.21388,-73.884338 -133.90686,-88.219122 -133.90686
-67.783942 -123.08405,-67.783942 -54.39107,-53.449158 -54.39107,-53.449158 -123.08405,-67.783942 -123.08405
-338.689367 -36.225259,-338.689367 -22.277621,-325.753833 -22.277621,-325.753833 -36.225259,-338.689367 -36.225259
-101.57845 -51.37657,-101.57845 -13.493018,-135.09017 -13.493018,-135.09017 8.536982,-65.47863 8.536982,-65.47863 -12.52281,-65.07201 -12.52281,-65.07201 -51.37657,-101.57845 -51.37657
-61.543182 -38.087174,-61.543182 30.605806,-47.208398 30.605806,-47.208398 -38.087174,-61.543182 -38.087174
643.18231 -294.67194,643.18231 -164.99086,802.41489 -164.99086,802.41489 -294.67194,643.18231 -294.67194
-105.0464957 -213.52184883,-105.0464957 -213.38675117,-104.9103043 -213.38675117,-104.9103043 -213.52184883,-105.0464957 -213.52184883
-107.27940761 -210.2844418,-107.27940761 -210.1487582,-107.14379239 -210.1487582,-107.14379239 -210.2844418,-107.27940761 -210.2844418
-4.67698 -237.166,-101.20647 -237.166,-101.20647 -173.5694,-97.23539 -173.5694,-97.23539 -169.21113,-62.62221 -169.21113,-62.62221 -154.54613,-60.541223 -154.54613,-60.541223 -146.08777,-21.018223 -146.08777,-21.018223 -133.311894,10.330837 -133.311894,10.330837 -146.08777,18.41247 -146.08777,18.41247 -104.89902,42.52253 -104.89902,42.52253 -146.08777,63.983277 -146.08777,63.983277 -194.678116,64.278076 -194.678116,64.278076 -208.655284,63.983277 -208.655284,63.983277 -211.90603,30.40648 -211.90603,30.40648 -238.86743,-4.67698 -238.86743,-4.67698 -237.166
-102.61360761 -206.08765156,-102.61360761 -205.95194844,-102.47799239 -205.95194844,-102.47799239 -206.08765156,-102.61360761 -206.08765156
406.5067 -246.20223,406.5067 -164.99097,606.6829 -164.99097,606.6829 -246.20223,406.5067 -246.20223
-383.15121 -256.70314,-383.15121 -188.13426,-335.16379 -188.13426,-335.16379 -256.70314,-383.15121 -256.70314
207.7127 -615.95338,207.7127 -603.75496,199.15465 -603.75496,199.15465 -638.76444,171.17375 -638.76444,171.17375 -603.75496,162.79389 -603.75496,162.79389 -587.709493,159.586705 -587.709493,159.586705 -578.998907,162.79389 -578.998907,162.79389 -572.95367,111.80919 -572.95367,111.80919 -567.00346,110.30665 -567.00346,110.30665 -523.12334,111.80919 -523.12334,111.80919 -518.41813,145.261 -518.41813,145.261 -489.83658,151.21114 -489.83658,151.21114 -488.33411,182.29123 -488.33411,182.29123 -474.94974,184.06839 -474.94974,184.06839 -468.99949,222.84392 -468.99949,222.84392 -422.24782,187.6796 -422.24782,187.6796 -420.49367,185.57045 -420.49367,185.57045 -411.10002,158.81613 -411.10002,158.81613 -370.08738,172.6968 -370.08738,172.6968 -346.92926,173.95058 -346.92926,173.95058 -346.50686,189.63509 -346.50686,189.63509 -319.90424,215.8803 -319.90424,215.8803 -306.95248,216.4123 -306.95248,216.4123 -305.68966,238.94305 -305.68966,238.94305 -284.40982,240.19677 -284.40982,240.19677 -283.98735,267.52547 -283.98735,267.52547 -272.47206,262.78266 -272.47206,262.78266 -269.18198,262.30115 -269.18198,262.30115 -234.19542,297.80105 -234.19542,297.80105 -236.17754,299.21814 -236.17754,299.21814 -259.94755,303.96093 -259.94755,303.96093 -263.2377,304.44247 -263.2377,304.44247 -289.48697,335.91993 -289.48697,335.91993 -313.85896,445.38309 -313.85896,445.38309 -466.58664,374.70788 -466.58664,374.70788 -533.28592,281.03187 -533.28592,281.03187 -563.37488,279.5293 -563.37488,279.5293 -568.08011,245.56528 -568.08011,245.56528 -583.68093,225.17531 -583.68093,225.17531 -592.16862,229.3357 -592.16862,229.3357 -615.95338,207.7127 -615.95338
-629.8987 -633.2962,-629.8987 -481.04589,-689.4621 -481.04589,-689.4621 -323.85571,-559.58626 -323.85571,-559.58626 -265.32218,-556.1945 -265.32218,-556.1945 -264.82695,-529.92585 -264.82695,-529.92585 -261.31451,-561.52557 -261.31451,-561.52557 -294.74956,-597.13663 -294.74956,-597.13663 -278.9471,-618.50784 -278.9471,-618.50784 -278.97662,-664.68936 -278.97662,-664.68936 -232.79518,-647.57353 -232.79518,-647.57353 -103.61221,-637.73833 -103.61221,-637.73833 -92.91041,-632.28787 -92.91041,-632.28787 -62.02069,-626.97951 -62.02069,-626.97951 14.31707,-551.59749 14.31707,-551.59749 -22.87461,-507.20062 -22.87461,-507.20062 -62.02069,-498.39373 -62.02069,-498.39373 -117.9012,-489.97039 -117.9012,-489.97039 -102.01302,-410.72481 -102.01302,-410.72481 -217.79758,-449.80655 -217.79758,-449.80655 -279.38568,-471.5659 -279.38568,-471.5659 -352.11225,-550.5291 -352.11225,-550.5291 -420.7944,-528.42004 -420.7944,-528.42004 -379.33353,-447.20114 -379.33353,-447.20114 -293.2072,-254.67506 -293.2072,-254.67506 -528.2406,-322.0191 -528.2406,-322.0191 -633.2962,-629.8987 -633.2962
613.05636 -210.09201,613.05636 -186.39419,613.30331 -186.39419,613.30331 -175.18069,613.30331 -175.18058,614.18425 -175.18058,614.18425 -175.11423,635.44035 -175.11423,635.44035 -175.18058,636.53889 -175.18058,636.53889 -175.18069,636.53889 -186.39419,636.78964 -186.39419,636.78964 -210.09201,613.05636 -210.09201
364.70182 -216.38977,364.70182 -134.60483,367.13358 -134.60483,367.13358 -127.6083,398.14342 -127.6083,398.14342 -134.60483,399.19538 -134.60483,399.19538 -216.38977,398.14342 -216.38977,398.14342 -223.3863,367.13358 -223.3863,367.13358 -216.38977,364.70182 -216.38977
-432.5592267 230.4040698,-432.5592267 231.1609302,-431.7747733 231.1609302,-431.7747733 230.4040698,-432.5592267 230.4040698
-359.3148254 170.4457943,-359.3148254 171.3606057,-358.7273746 171.3606057,-358.7273746 170.4457943,-359.3148254 170.4457943
378.51768672 168.184761,378.51768672 174.054039,378.65491328 174.054039,378.65491328 168.184761,378.51768672 168.184761
-388.8049264 183.9367675,-388.8049264 184.6936325,-388.0204736 184.6936325,-388.0204736 183.9367675,-388.8049264 183.9367675
379.624742 200.76480586,379.624742 200.80279414,381.643258 200.80279414,381.643258 200.76480586,379.624742 200.76480586
-353.0256341 201.4173189,-353.0256341 202.0722811,-352.1497659 202.0722811,-352.1497659 201.4173189,-353.0256341 201.4173189
389.57046094 203.836817,389.57046094 208.801583,389.61553906 208.801583,389.61553906 203.836817,389.57046094 203.836817
382.350725 203.40144,382.350725 212.84896,384.079475 212.84896,384.079475 203.40144,382.350725 203.40144
338.896937 177.47365,338.896937 186.92115,340.956663 186.92115,340.956663 177.47365,338.896937 177.47365
334.994725 177.47365,334.994725 186.92115,336.723475 186.92115,336.723475 177.47365,334.994725 177.47365
337.953442 189.32500586,337.953442 189.36299414,339.971958 189.36299414,339.971958 189.32500586,337.953442 189.32500586
329.45876094 181.520927,329.45876094 186.485673,329.50383906 186.485673,329.50383906 181.520927,329.45876094 181.520927
340.93588672 217.655461,340.93588672 223.524739,341.07311328 223.524739,341.07311328 217.655461,340.93588672 217.655461
378.117637 203.40144,378.117637 212.84896,380.177363 212.84896,380.177363 203.40144,378.117637 203.40144
389.57046094 227.986927,389.57046094 232.951673,389.61553906 232.951673,389.61553906 227.986927,389.57046094 227.986927
382.350725 227.55144,382.350725 236.99896,384.079475 236.99896,384.079475 227.55144,382.350725 227.55144
379.623742 239.26091563,379.623742 239.29888437,381.642258 239.29888437,381.642258 239.26091563,379.623742 239.26091563
378.117637 227.55144,378.117637 236.99896,380.177363 236.99896,380.177363 227.55144,378.117637 227.55144
389.57046094 104.953922,389.57046094 109.918678,389.61553906 109.918678,389.61553906 104.953922,389.57046094 104.953922
382.350725 104.518545,382.350725 113.966055,384.079475 113.966055,384.079475 104.518545,382.350725 104.518545
378.117637 104.518545,378.117637 113.966055,380.177363 113.966055,380.177363 104.518545,378.117637 104.518545
389.57046094 129.360322,389.57046094 134.325078,389.61553906 134.325078,389.61553906 129.360322,389.57046094 129.360322
-304.1433306 138.3674024,-304.1433306 139.2821976,-303.5558694 139.2821976,-303.5558694 138.3674024,-304.1433306 138.3674024
-288.81616 105.87717,-288.81616 163.13843,-228.22344 163.13843,-228.22344 105.87717,-288.81616 105.87717
-190.11241 99.62878,-190.11241 128.54442,-129.08778 128.54442,-129.08778 149.70137,-72.34085 149.70137,-72.34085 185.37207,-8.57277 185.37207,-8.57277 137.57453,-64.75668 137.57453,-64.75668 115.68783,-126.66779 115.68783,-126.66779 99.62878,-190.11241 99.62878
-28.79399 101.08472,-28.79399 135.00348,5.24719 135.00348,5.24719 101.08472,-28.79399 101.08472
382.350725 128.924845,382.350725 138.372355,384.079475 138.372355,384.079475 128.924845,382.350725 128.924845
378.117637 128.924845,378.117637 138.372355,380.177363 138.372355,380.177363 128.924845,378.117637 128.924845
379.624742 140.59201074,379.624742 140.62998926,381.643258 140.62998926,381.643258 140.59201074,379.624742 140.59201074
337.952442 150.82891074,337.952442 150.86688926,339.970958 150.86688926,339.970958 150.82891074,337.952442 150.82891074
520.82229 140.93605,520.82229 200.43895,552.42471 200.43895,552.42471 140.93605,520.82229 140.93605
447.47369 141.15054,447.47369 200.65346,479.07611 200.65346,479.07611 141.15054,447.47369 141.15054
338.896937 153.203345,338.896937 162.650855,340.956663 162.650855,340.956663 153.203345,338.896937 153.203345
329.651375 150.77012656,329.651375 150.92567344,334.572625 150.92567344,334.572625 150.77012656,329.651375 150.77012656
334.994725 153.203345,334.994725 162.650855,336.723475 162.650855,336.723475 153.203345,334.994725 153.203345
329.45876094 157.250622,329.45876094 162.215378,329.50383906 162.215378,329.50383906 157.250622,329.45876094 157.250622
-366.93274 20.817027,-366.93274 38.145073,-350.1405 38.145073,-350.1405 76.03953,-382.158158 76.03953,-382.158158 60.673599,-400.127042 60.673599,-400.127042 76.03953,-423.58984 76.03953,-423.58984 55.545819,-420.375061 55.545819,-420.375061 52.27235,-401.83622 52.27235,-401.83622 44.20993,-379.55677 44.20993,-379.55677 22.34869,-401.95863 22.34869,-401.95863 27.979403,-407.017756 27.979403,-407.017756 31.86015,-430.62818 31.86015,-430.62818 40.196381,-434.985139 40.196381,-434.985139 50.34824,-457.34336 50.34824,-457.34336 90.447496,-466.404572 90.447496,-466.404572 105.711324,-451.357228 105.711324,-451.357228 99.885849,-450.430603 99.885849,-450.430603 95.90972,-443.20073 95.90972,-443.20073 151.75567,-350.06527 151.75567,-350.06527 97.746803,-341.007658 97.746803,-341.007658 90.250029,-340.464098 90.250029,-340.464098 86.47721,-329.8203 86.47721,-329.8203 63.45985,-327.819285 63.45985,-327.819285 60.04735,-329.8203 60.04735,-329.8203 35.53815,-331.205536 35.53815,-331.205536 24.833337,-341.60426 24.833337,-341.60426 20.817027,-366.93274 20.817027
233.75999 -16.06766,233.75999 56.8218,265.36241 56.8218,265.36241 -16.06766,233.75999 -16.06766
-111.71306 24.33669,-111.71306 49.00347,-95.03428 49.00347,-95.03428 74.41314,-22.64018 74.41314,-22.64018 44.63086,-89.62954 44.63086,-89.62954 24.33669,-111.71306 24.33669
329.45876094 57.698252,329.45876094 62.663008,329.50383906 62.663008,329.50383906 57.698252,329.45876094 57.698252
383.5612492 50.836261,383.5612492 64.648219,384.4753508 64.648219,384.4753508 50.836261,383.5612492 50.836261
-7.4950189 -69.27437,-7.4950189 -9.12974,-21.361332 -9.12974,-21.361332 59.5632,-7.026548 59.5632,-7.026548 -0.58141,6.8397651 -0.58141,6.8397651 -69.27437,-7.4950189 -69.27437
-277.379991 1.065975,-264.607009 1.065975,-264.607009 52.744258,-252.084391 52.744258,-252.084391 -62.212382,-264.607009 -62.212382,-264.607009 -10.534101,-277.379991 -10.534101,-277.379991 -62.212382,-289.902609 -62.212382,-289.902609 52.744258,-277.379991 52.744258,-277.379991 1.065975
157.98317 -27.10918,157.98317 56.92772,198.29083 56.92772,198.29083 -27.10918,157.98317 -27.10918
329.45876094 81.974092,329.45876094 86.938848,329.50383906 86.938848,329.50383906 81.974092,329.45876094 81.974092
334.994725 77.926795,334.994725 87.374305,336.723475 87.374305,336.723475 77.926795,334.994725 77.926795
338.896937 77.926795,338.896937 87.374305,340.956663 87.374305,340.956663 77.926795,338.896937 77.926795
-123.97784 76.83701,-123.97784 101.01999,-102.43896 101.01999,-102.43896 76.83701,-123.97784 76.83701
337.952442 90.65607074,337.952442 90.69404926,339.970958 90.69404926,339.970958 90.65607074,337.952442 90.65607074
-87.37428 85.85701,-87.37428 110.03999,-65.8354 110.03999,-65.8354 85.85701,-87.37428 85.85701
-55.39493 92.47511,-55.39493 116.65809,-33.85605 116.65809,-33.85605 92.47511,-55.39493 92.47511
233.75989 90.30344,233.75989 149.80636,265.36231 149.80636,265.36231 90.30344,233.75989 90.30344
159.96859 90.74424,159.96859 150.24716,191.57101 150.24716,191.57101 90.74424,159.96859 90.74424
-376.933792 54.564844,-376.933792 74.432536,-358.600808 74.432536,-358.600808 54.564844,-376.933792 54.564844
366.205985 68.79092012,366.205985 68.91717988,368.636415 68.91717988,368.636415 68.79092012,366.205985 68.79092012
-161.94194 66.34936,-161.94194 90.53234,-140.40306 90.53234,-140.40306 66.34936,-161.94194 66.34936
-203.9299 65.42922,-203.9299 98.19542,-179.7903 98.19542,-179.7903 65.42922,-203.9299 65.42922
-434.1011654 313.6889063,-434.1011654 314.3354937,-433.2312346 314.3354937,-433.2312346 313.6889063,-434.1011654 313.6889063
-206.55003 357.26735,-206.55003 365.74445,-256.79149 365.74445,-256.79149 373.17595,-308.32184 373.17595,-308.32184 402.92985,-303.678524 402.92985,-303.678524 418.28556,-315.37826 418.28556,-315.37826 448.46384,-255.27174 448.46384,-255.27174 442.72185,-205.00246 442.72185,-205.00246 436.78817,-177.90249 436.78817,-177.90249 421.22923,-164.018557 421.22923,-164.018557 390.90637,-182.531643 390.90637,-182.531643 406.54723,-207.69351 406.54723,-207.69351 412.96795,-257.74694 412.96795,-257.74694 418.28556,-292.748076 418.28556,-292.748076 402.92985,-255.57736 402.92985,-255.57736 395.49835,-204.98711 395.49835,-204.98711 387.02125,-154.83657 387.02125,-154.83657 357.26735,-206.55003 357.26735
-99.247364 403.0085203,-99.247364 403.4718797,-94.626436 403.4718797,-94.626436 403.0085203,-99.247364 403.0085203
326.44094 824.74688,326.44094 874.73672,352.63826 874.73672,352.63826 824.74688,326.44094 824.74688
479.5616 759.8873,479.5616 795.8873,515.5616 795.8873,515.5616 759.8873,479.5616 759.8873
404.23646 771.27176,404.23646 801.11643,364.37378 801.11643,364.37378 827.31377,414.36362 827.31377,414.36362 824.50684,465.44948 824.50684,465.44948 830.10427,515.43932 830.10427,515.43932 803.90693,466.94514 803.90693,466.94514 771.27176,404.23646 771.27176
745.4183 842.9624,745.4183 862.9624,765.4183 862.9624,765.4183 842.9624,745.4183 842.9624
371.06948 838.19383,371.06948 864.39117,421.05932 864.39117,421.05932 838.19383,371.06948 838.19383
433.43938 839.86373,433.43938 866.06107,483.42922 866.06107,483.42922 839.86373,433.43938 839.86373
659.644355 244.89528,659.644355 290.86392,678.122245 290.86392,678.122245 244.89528,659.644355 244.89528
-444.02372 239.08894,-444.02372 262.28694,-461.55292 262.28694,-461.55292 285.48503,-479.08202 285.48503,-479.08202 308.68313,-496.6111 308.68313,-496.6111 354.07867,-473.78128 354.07867,-473.78128 403.39548,-421.79041 403.39548,-421.79041 416.49904,-398.60068 416.49904,-398.60068 455.77518,-343.92712 455.77518,-343.92712 435.16328,-315.44512 435.16328,-315.44512 385.37612,-357.68287 385.37612,-357.68287 383.88452,-312.15892 383.88452,-312.15892 326.05447,-309.91018 326.05447,-309.91018 326.41119,-289.73362 326.41119,-289.73362 326.05447,-281.6461 326.05447,-281.6461 294.66013,-289.73362 294.66013,-289.73362 292.53841,-292.0719 292.53841,-292.0719 267.83653,-297.42519 267.83653,-297.42519 258.83998,-328.31501 258.83998,-328.31501 284.76162,-324.1729 284.76162,-324.1729 299.23087,-313.7471 299.23087,-313.7471 313.15668,-395.50308 313.15668,-395.50308 357.43532,-395.84982 357.43532,-395.84982 327.84382,-450.52338 327.84382,-450.52338 353.60832,-459.1281 353.60832,-459.1281 318.25317,-441.59898 318.25317,-441.59898 295.05506,-424.06988 295.05506,-424.06988 271.85706,-406.54068 271.85706,-406.54068 239.08894,-444.02372 239.08894
-266.4078 234.34881,-266.4078 246.76202,-288.85763 246.76202,-288.85763 278.19738,-280.19431 278.19738,-280.19431 303.34474,-248.11669 303.34474,-248.11669 301.92002,-227.8264 301.92002,-227.8264 275.99838,-248.11669 275.99838,-248.11669 271.99346,-256.73477 271.99346,-256.73477 268.22159,-246.2312 268.22159,-246.2312 234.34881,-266.4078 234.34881
-32.18942 194.15694,-32.18942 255.36006,-11.19534 255.36006,-11.19534 194.15694,-32.18942 194.15694
501.98622 236.83435,501.98622 292.82675,481.1421 292.82675,481.1421 242.57226,412.9201 242.57226,412.9201 294.39754,430.54788 294.39754,430.54788 331.70472,422.0238 331.70472,422.0238 315.78773,421.85191 315.78773,421.85191 300.50513,421.85191 300.50503,399.224324 300.50503,399.224324 228.334331,403.1434 228.334331,403.1434 232.34772,476.05648 232.34772,476.05648 232.52195,542.82492 232.52195,542.82492 232.34772,615.861 232.34772,615.861 228.334331,620.7348 228.334331,620.7348 212.085269,615.861 212.085269,615.861 208.07188,602.31671 208.07188,602.31671 133.68352,615.8605 133.68352,615.8605 129.670121,620.7343 129.670121,620.7343 113.421079,615.8605 113.421079,615.8605 109.40768,473.416287 109.40768,473.416287 98.66698,496.34211 98.66698,496.34211 97.12824,499.25932 97.12824,499.25932 51.98691,502.91756 51.98691,502.91756 3.01419,496.0588 3.01419,496.0588 1.72014,415.6874 1.72014,415.6874 16.70314,402.12803 16.70314,402.12803 -23.33859,317.43917 -23.33859,317.43917 50.69751,320.322947 50.69751,320.322947 81.00543,315.9315 81.00543,315.9315 78.731687,320.3103 78.731687,320.3103 62.088793,315.9315 62.088793,315.9315 58.27232,243.01842 58.27232,243.01842 58.09809,176.24998 58.09809,176.24998 58.27232,155.08157 58.27232,155.08157 -46.83003,166.42229 -46.83003,166.42229 -74.62581,151.93603 -74.62581,151.93603 -153.3435,102.30037 -153.3435,102.30037 -186.1852,101.342517 -186.1852,101.342517 -186.218816,95.714803 -186.218816,95.714803 -186.1852,68.97657 -186.1852,68.97657 -145.746,77.82757 -145.746,77.82757 -70.4695,126.92751 -70.4695,126.92751 -48.891644,111.78223 -48.891644,111.78223 58.27232,103.2139 58.27232,103.2139 62.088793,98.3401 62.088793,98.3401 67.902579,93.9824 67.902579,93.9824 72.917881,98.3401 72.917881,98.3401 78.731687,103.2139 78.731687,103.2139 82.37367,98.14475 82.37367,98.14475 158.22973,103.2139 158.22973,103.2139 159.94301,101.2377 159.94301,101.2377 167.604544,92.1202 167.604544,92.1202 172.619856,101.2377 172.619856,101.2377 180.22799,103.2139 180.22799,103.2139 182.25012,111.34442 182.25012,111.34442 182.41332,243.01838 182.41332,243.01838 182.25012,315.9315 182.25012,315.9315 180.22799,320.3103 180.22799,320.3103 161.45317,320.322947 161.45317,320.322947 258.34977,291.74116 258.34977,291.74116 310.06283,344.30922 310.06283,344.30922 311.79392,350.93109 311.79392,350.93109 315.78773,337.4808 315.78773,337.4808 348.708087,316.19985 348.708087,316.19985 351.36897,305.16335 351.36897,305.16335 391.54643,337.4808 391.54643,337.4808 437.79868,312.3792 437.79868,312.3792 428.1759,291.37951 428.1759,291.37951 282.43495,290.97144 282.43495,290.97144 282.40249,290.87253 282.40249,290.87253 258.33261,235.74267 258.33261,235.74267 273.07242,134.0033 273.07242,134.0033 272.92922,88.7195 272.92922,88.7195 273.07242,88.71008 273.07242,88.71008 301.92398,72.44999 301.92398,72.44999 352.90242,52.8921 352.90242,52.8921 374.68552,23.58215 374.68552,23.58215 395.5368,-53.0038619 395.5368,-53.0038619 413.7975,-61.15569 413.7975,-61.15569 497.8657,38.98633 497.8657,38.98633 495.55568,52.8921 495.55568,52.8921 520.48198,53.23842 520.48198,53.23842 520.87978,197.14942 520.87978,197.14942 526.90443,164.53711 526.90443,164.53711 570.79802,157.56342 570.79802,157.56342 595.43985,149.05578 595.43985,149.05578 566.03536,140.56234 566.03536,140.56234 546.76517,62.03906 546.76517,62.03906 701.23563,81.77802 701.23563,81.77802 716.19671,54.97709 716.19671,54.97709 793.14249,196.46111 793.14249,196.46111 725.15995,344.6967 725.15995,344.6967 696.40574,445.9016 696.40574,445.9016 697.70947,535.736227 697.70947,535.736227 697.768089,550.030173 697.768089,550.030173 697.70947,553.575 697.70947,553.575 591.50173,538.4782 591.50173,538.4782 566.18059,570.08562 566.18059,570.08562 442.60641,519.62244 442.60641,519.62244 404.16185,592.29232 404.16185,592.29232 293.48685,622.02618 293.48685,622.02618 236.83435,501.98622 236.83435
337.953442 250.55010586,337.953442 250.58809414,339.971958 250.58809414,339.971958 250.55010586,337.953442 250.55010586
116.52437 233.87818,116.52437 268.60822,160.27383 268.60822,160.27383 233.87818,116.52437 233.87818
378.51768672 267.584961,378.51768672 273.454239,378.65491328 273.454239,378.65491328 267.584961,378.51768672 267.584961
41.77793 245.32266,41.77793 292.38554,86.84599 292.38554,86.84599 245.32266,41.77793 245.32266
-44.42675 264.86314,-44.42675 326.06626,-23.43267 326.06626,-23.43267 264.86314,-44.42675 264.86314
-205.29106 257.99789,-205.29106 333.29931,-168.62054 333.29931,-168.62054 257.99789,-205.29106 257.99789
-125.12461 251.81526,-125.12461 393.96534,-69.48949 393.96534,-69.48949 251.81526,-125.12461 251.81526
